#A1_LOSSLESS_AI_TRANSPORT_V2
ticker=CTRA
trading_date=2024-12-05
actual_rows=226
source_row_first=411168
source_row_last=411393
compact_rows_sha256=3d05947032a5c9b20e37e6e7259ca34390810fe492004676b2d826c30154c1a0
core_fields=source_row,RAW_DATETIME_ISO,OBS_DELTA_PREV_SEC_SAME_DATE,OBS_GAP_GT_BASE_INTERVAL_FLAG,RAW_OPEN,RAW_HIGH,RAW_LOW,RAW_CLOSE,RAW_VOLUME,IDX_REGULAR_CLOCK_SESSION_CODE
defaults_json={"RAW_TICKER":"CTRA","RAW_INTERVAL_SEC":"60","OBS_DUP_OR_OUT_OF_ORDER_TIME_FLAG":"0","DATE_CHANGE_FROM_PREV_FLAG":"0","DATE_FIRST_OBS_IN_RANGE_FLAG":"0","ANALYSIS_RANGE_LAST_OBS_FLAG":"0","CLK_PREOPEN_INPUT_FLAG":"0","CLK_REGULAR_SESSION1_FLAG":"0","CLK_OFFICIAL_MIDDAY_BREAK_FLAG":"0","CLK_REGULAR_SESSION2_FLAG":"1","CLK_PRECLOSE_INPUT_FLAG":"0","CLK_POSTCLOSE_FLAG":"0","BND_PRE_REG_OPEN_5M_FLAG":"0","BND_FIRST_S1_5M_FLAG":"0","BND_LAST_S1_5M_FLAG":"0","BND_PRE_S2_5M_FLAG":"0","BND_FIRST_S2_5M_FLAG":"0","BND_LAST_REGULAR_5M_FLAG":"0","BND_FIRST_PRECLOSE_5M_FLAG":"0","RAW_AUX1_SEMANTIC_PROVEN_CODE":"-1","RAW_AUX2_FRESH_SEMANTIC_PROVEN_CODE":"-1","RAW_OPENINT_FRESH_SEMANTIC_PROVEN_CODE":"-1"}
#ROW_FORMAT core values separated by | ; final field contains non-core exceptions as name=value pairs separated by ; ; blank means defaults
411168|2024-12-05 09:00:00||0|1105.000000|1120.000000|1105.000000|1115.000000|438000|20|DATE_CHANGE_FROM_PREV_FLAG=1;DATE_FIRST_OBS_IN_RANGE_FLAG=1;CLK_REGULAR_SESSION1_FLAG=1;CLK_REGULAR_SESSION2_FLAG=0;BND_FIRST_S1_5M_FLAG=1
411169|2024-12-05 09:01:00|60|0|1110.000000|1115.000000|1110.000000|1115.000000|9600|20|CLK_REGULAR_SESSION1_FLAG=1;CLK_REGULAR_SESSION2_FLAG=0;BND_FIRST_S1_5M_FLAG=1
411170|2024-12-05 09:02:00|60|0|1110.000000|1110.000000|1105.000000|1105.000000|43400|20|CLK_REGULAR_SESSION1_FLAG=1;CLK_REGULAR_SESSION2_FLAG=0;BND_FIRST_S1_5M_FLAG=1
411171|2024-12-05 09:03:00|60|0|1110.000000|1110.000000|1105.000000|1105.000000|15800|20|CLK_REGULAR_SESSION1_FLAG=1;CLK_REGULAR_SESSION2_FLAG=0;BND_FIRST_S1_5M_FLAG=1
411172|2024-12-05 09:04:00|60|0|1110.000000|1110.000000|1105.000000|1110.000000|149600|20|CLK_REGULAR_SESSION1_FLAG=1;CLK_REGULAR_SESSION2_FLAG=0;BND_FIRST_S1_5M_FLAG=1
411173|2024-12-05 09:05:00|60|0|1110.000000|1115.000000|1110.000000|1110.000000|92000|20|CLK_REGULAR_SESSION1_FLAG=1;CLK_REGULAR_SESSION2_FLAG=0
411174|2024-12-05 09:06:00|60|0|1110.000000|1110.000000|1105.000000|1110.000000|123100|20|CLK_REGULAR_SESSION1_FLAG=1;CLK_REGULAR_SESSION2_FLAG=0
411175|2024-12-05 09:07:00|60|0|1115.000000|1120.000000|1110.000000|1120.000000|128100|20|CLK_REGULAR_SESSION1_FLAG=1;CLK_REGULAR_SESSION2_FLAG=0
411176|2024-12-05 09:08:00|60|0|1110.000000|1120.000000|1110.000000|1120.000000|6800|20|CLK_REGULAR_SESSION1_FLAG=1;CLK_REGULAR_SESSION2_FLAG=0
411177|2024-12-05 09:09:00|60|0|1120.000000|1120.000000|1115.000000|1115.000000|5300|20|CLK_REGULAR_SESSION1_FLAG=1;CLK_REGULAR_SESSION2_FLAG=0
411178|2024-12-05 09:10:00|60|0|1115.000000|1115.000000|1110.000000|1110.000000|20900|20|CLK_REGULAR_SESSION1_FLAG=1;CLK_REGULAR_SESSION2_FLAG=0
411179|2024-12-05 09:11:00|60|0|1115.000000|1115.000000|1115.000000|1115.000000|1000|20|CLK_REGULAR_SESSION1_FLAG=1;CLK_REGULAR_SESSION2_FLAG=0
411180|2024-12-05 09:12:00|60|0|1115.000000|1115.000000|1110.000000|1110.000000|7100|20|CLK_REGULAR_SESSION1_FLAG=1;CLK_REGULAR_SESSION2_FLAG=0
411181|2024-12-05 09:13:00|60|0|1110.000000|1110.000000|1105.000000|1105.000000|175500|20|CLK_REGULAR_SESSION1_FLAG=1;CLK_REGULAR_SESSION2_FLAG=0
411182|2024-12-05 09:14:00|60|0|1110.000000|1110.000000|1110.000000|1110.000000|162100|20|CLK_REGULAR_SESSION1_FLAG=1;CLK_REGULAR_SESSION2_FLAG=0
411183|2024-12-05 09:15:00|60|0|1110.000000|1110.000000|1110.000000|1110.000000|400|20|CLK_REGULAR_SESSION1_FLAG=1;CLK_REGULAR_SESSION2_FLAG=0
411184|2024-12-05 09:16:00|60|0|1110.000000|1110.000000|1110.000000|1110.000000|37000|20|CLK_REGULAR_SESSION1_FLAG=1;CLK_REGULAR_SESSION2_FLAG=0
411185|2024-12-05 09:17:00|60|0|1115.000000|1115.000000|1115.000000|1115.000000|204700|20|CLK_REGULAR_SESSION1_FLAG=1;CLK_REGULAR_SESSION2_FLAG=0
411186|2024-12-05 09:18:00|60|0|1115.000000|1115.000000|1115.000000|1115.000000|5700|20|CLK_REGULAR_SESSION1_FLAG=1;CLK_REGULAR_SESSION2_FLAG=0
411187|2024-12-05 09:19:00|60|0|1115.000000|1120.000000|1115.000000|1115.000000|246300|20|CLK_REGULAR_SESSION1_FLAG=1;CLK_REGULAR_SESSION2_FLAG=0
411188|2024-12-05 09:20:00|60|0|1115.000000|1115.000000|1115.000000|1115.000000|1000|20|CLK_REGULAR_SESSION1_FLAG=1;CLK_REGULAR_SESSION2_FLAG=0
411189|2024-12-05 09:21:00|60|0|1115.000000|1115.000000|1115.000000|1115.000000|117300|20|CLK_REGULAR_SESSION1_FLAG=1;CLK_REGULAR_SESSION2_FLAG=0
411190|2024-12-05 09:22:00|60|0|1115.000000|1115.000000|1115.000000|1115.000000|107900|20|CLK_REGULAR_SESSION1_FLAG=1;CLK_REGULAR_SESSION2_FLAG=0
411191|2024-12-05 09:23:00|60|0|1115.000000|1120.000000|1115.000000|1120.000000|1000|20|CLK_REGULAR_SESSION1_FLAG=1;CLK_REGULAR_SESSION2_FLAG=0
411192|2024-12-05 09:24:00|60|0|1115.000000|1115.000000|1115.000000|1115.000000|2000|20|CLK_REGULAR_SESSION1_FLAG=1;CLK_REGULAR_SESSION2_FLAG=0
411193|2024-12-05 09:25:00|60|0|1115.000000|1120.000000|1115.000000|1120.000000|4500|20|CLK_REGULAR_SESSION1_FLAG=1;CLK_REGULAR_SESSION2_FLAG=0
411194|2024-12-05 09:26:00|60|0|1115.000000|1115.000000|1115.000000|1115.000000|79800|20|CLK_REGULAR_SESSION1_FLAG=1;CLK_REGULAR_SESSION2_FLAG=0
411195|2024-12-05 09:29:00|180|1|1115.000000|1115.000000|1115.000000|1115.000000|176500|20|CLK_REGULAR_SESSION1_FLAG=1;CLK_REGULAR_SESSION2_FLAG=0
411196|2024-12-05 09:30:00|60|0|1115.000000|1115.000000|1115.000000|1115.000000|10000|20|CLK_REGULAR_SESSION1_FLAG=1;CLK_REGULAR_SESSION2_FLAG=0
411197|2024-12-05 09:32:00|120|1|1115.000000|1115.000000|1115.000000|1115.000000|600|20|CLK_REGULAR_SESSION1_FLAG=1;CLK_REGULAR_SESSION2_FLAG=0
411198|2024-12-05 09:33:00|60|0|1115.000000|1115.000000|1115.000000|1115.000000|400|20|CLK_REGULAR_SESSION1_FLAG=1;CLK_REGULAR_SESSION2_FLAG=0
411199|2024-12-05 09:35:00|120|1|1110.000000|1115.000000|1110.000000|1115.000000|354900|20|CLK_REGULAR_SESSION1_FLAG=1;CLK_REGULAR_SESSION2_FLAG=0
411200|2024-12-05 09:36:00|60|0|1115.000000|1115.000000|1115.000000|1115.000000|9600|20|CLK_REGULAR_SESSION1_FLAG=1;CLK_REGULAR_SESSION2_FLAG=0
411201|2024-12-05 09:38:00|120|1|1115.000000|1115.000000|1115.000000|1115.000000|109500|20|CLK_REGULAR_SESSION1_FLAG=1;CLK_REGULAR_SESSION2_FLAG=0
411202|2024-12-05 09:39:00|60|0|1110.000000|1115.000000|1110.000000|1115.000000|119500|20|CLK_REGULAR_SESSION1_FLAG=1;CLK_REGULAR_SESSION2_FLAG=0
411203|2024-12-05 09:40:00|60|0|1115.000000|1115.000000|1115.000000|1115.000000|3500|20|CLK_REGULAR_SESSION1_FLAG=1;CLK_REGULAR_SESSION2_FLAG=0
411204|2024-12-05 09:41:00|60|0|1115.000000|1115.000000|1115.000000|1115.000000|2000|20|CLK_REGULAR_SESSION1_FLAG=1;CLK_REGULAR_SESSION2_FLAG=0
411205|2024-12-05 09:42:00|60|0|1110.000000|1115.000000|1110.000000|1110.000000|3200|20|CLK_REGULAR_SESSION1_FLAG=1;CLK_REGULAR_SESSION2_FLAG=0
411206|2024-12-05 09:43:00|60|0|1110.000000|1110.000000|1110.000000|1110.000000|5700|20|CLK_REGULAR_SESSION1_FLAG=1;CLK_REGULAR_SESSION2_FLAG=0
411207|2024-12-05 09:44:00|60|0|1110.000000|1115.000000|1110.000000|1110.000000|17600|20|CLK_REGULAR_SESSION1_FLAG=1;CLK_REGULAR_SESSION2_FLAG=0
411208|2024-12-05 09:45:00|60|0|1110.000000|1110.000000|1110.000000|1110.000000|6300|20|CLK_REGULAR_SESSION1_FLAG=1;CLK_REGULAR_SESSION2_FLAG=0
411209|2024-12-05 09:46:00|60|0|1110.000000|1110.000000|1105.000000|1105.000000|155000|20|CLK_REGULAR_SESSION1_FLAG=1;CLK_REGULAR_SESSION2_FLAG=0
411210|2024-12-05 09:47:00|60|0|1105.000000|1110.000000|1105.000000|1110.000000|1500|20|CLK_REGULAR_SESSION1_FLAG=1;CLK_REGULAR_SESSION2_FLAG=0
411211|2024-12-05 09:48:00|60|0|1105.000000|1105.000000|1105.000000|1105.000000|6300|20|CLK_REGULAR_SESSION1_FLAG=1;CLK_REGULAR_SESSION2_FLAG=0
411212|2024-12-05 09:49:00|60|0|1105.000000|1105.000000|1105.000000|1105.000000|4600|20|CLK_REGULAR_SESSION1_FLAG=1;CLK_REGULAR_SESSION2_FLAG=0
411213|2024-12-05 09:50:00|60|0|1105.000000|1105.000000|1105.000000|1105.000000|2700|20|CLK_REGULAR_SESSION1_FLAG=1;CLK_REGULAR_SESSION2_FLAG=0
411214|2024-12-05 09:51:00|60|0|1105.000000|1105.000000|1105.000000|1105.000000|2600|20|CLK_REGULAR_SESSION1_FLAG=1;CLK_REGULAR_SESSION2_FLAG=0
411215|2024-12-05 09:52:00|60|0|1105.000000|1105.000000|1105.000000|1105.000000|4100|20|CLK_REGULAR_SESSION1_FLAG=1;CLK_REGULAR_SESSION2_FLAG=0
411216|2024-12-05 09:53:00|60|0|1105.000000|1105.000000|1105.000000|1105.000000|166900|20|CLK_REGULAR_SESSION1_FLAG=1;CLK_REGULAR_SESSION2_FLAG=0
411217|2024-12-05 09:54:00|60|0|1105.000000|1105.000000|1105.000000|1105.000000|4100|20|CLK_REGULAR_SESSION1_FLAG=1;CLK_REGULAR_SESSION2_FLAG=0
411218|2024-12-05 09:55:00|60|0|1105.000000|1105.000000|1100.000000|1100.000000|207600|20|CLK_REGULAR_SESSION1_FLAG=1;CLK_REGULAR_SESSION2_FLAG=0
411219|2024-12-05 09:56:00|60|0|1100.000000|1100.000000|1100.000000|1100.000000|2200|20|CLK_REGULAR_SESSION1_FLAG=1;CLK_REGULAR_SESSION2_FLAG=0
411220|2024-12-05 09:57:00|60|0|1100.000000|1100.000000|1100.000000|1100.000000|2400|20|CLK_REGULAR_SESSION1_FLAG=1;CLK_REGULAR_SESSION2_FLAG=0
411221|2024-12-05 09:58:00|60|0|1100.000000|1105.000000|1100.000000|1100.000000|2100|20|CLK_REGULAR_SESSION1_FLAG=1;CLK_REGULAR_SESSION2_FLAG=0
411222|2024-12-05 09:59:00|60|0|1100.000000|1100.000000|1100.000000|1100.000000|5900|20|CLK_REGULAR_SESSION1_FLAG=1;CLK_REGULAR_SESSION2_FLAG=0
411223|2024-12-05 10:00:00|60|0|1100.000000|1100.000000|1100.000000|1100.000000|3800|20|CLK_REGULAR_SESSION1_FLAG=1;CLK_REGULAR_SESSION2_FLAG=0
411224|2024-12-05 10:01:00|60|0|1100.000000|1100.000000|1100.000000|1100.000000|4900|20|CLK_REGULAR_SESSION1_FLAG=1;CLK_REGULAR_SESSION2_FLAG=0
411225|2024-12-05 10:02:00|60|0|1100.000000|1100.000000|1100.000000|1100.000000|7800|20|CLK_REGULAR_SESSION1_FLAG=1;CLK_REGULAR_SESSION2_FLAG=0
411226|2024-12-05 10:03:00|60|0|1100.000000|1100.000000|1095.000000|1095.000000|158800|20|CLK_REGULAR_SESSION1_FLAG=1;CLK_REGULAR_SESSION2_FLAG=0
411227|2024-12-05 10:04:00|60|0|1095.000000|1100.000000|1095.000000|1095.000000|13000|20|CLK_REGULAR_SESSION1_FLAG=1;CLK_REGULAR_SESSION2_FLAG=0
411228|2024-12-05 10:05:00|60|0|1095.000000|1100.000000|1095.000000|1095.000000|2000|20|CLK_REGULAR_SESSION1_FLAG=1;CLK_REGULAR_SESSION2_FLAG=0
411229|2024-12-05 10:06:00|60|0|1095.000000|1095.000000|1095.000000|1095.000000|46100|20|CLK_REGULAR_SESSION1_FLAG=1;CLK_REGULAR_SESSION2_FLAG=0
411230|2024-12-05 10:07:00|60|0|1095.000000|1095.000000|1095.000000|1095.000000|2700|20|CLK_REGULAR_SESSION1_FLAG=1;CLK_REGULAR_SESSION2_FLAG=0
411231|2024-12-05 10:08:00|60|0|1095.000000|1100.000000|1095.000000|1100.000000|188100|20|CLK_REGULAR_SESSION1_FLAG=1;CLK_REGULAR_SESSION2_FLAG=0
411232|2024-12-05 10:09:00|60|0|1105.000000|1105.000000|1105.000000|1105.000000|100|20|CLK_REGULAR_SESSION1_FLAG=1;CLK_REGULAR_SESSION2_FLAG=0
411233|2024-12-05 10:11:00|120|1|1105.000000|1105.000000|1105.000000|1105.000000|200|20|CLK_REGULAR_SESSION1_FLAG=1;CLK_REGULAR_SESSION2_FLAG=0
411234|2024-12-05 10:16:00|300|1|1105.000000|1105.000000|1105.000000|1105.000000|1000|20|CLK_REGULAR_SESSION1_FLAG=1;CLK_REGULAR_SESSION2_FLAG=0
411235|2024-12-05 10:18:00|120|1|1105.000000|1105.000000|1105.000000|1105.000000|100|20|CLK_REGULAR_SESSION1_FLAG=1;CLK_REGULAR_SESSION2_FLAG=0
411236|2024-12-05 10:19:00|60|0|1105.000000|1105.000000|1105.000000|1105.000000|5000|20|CLK_REGULAR_SESSION1_FLAG=1;CLK_REGULAR_SESSION2_FLAG=0
411237|2024-12-05 10:22:00|180|1|1105.000000|1105.000000|1105.000000|1105.000000|25000|20|CLK_REGULAR_SESSION1_FLAG=1;CLK_REGULAR_SESSION2_FLAG=0
411238|2024-12-05 10:27:00|300|1|1100.000000|1100.000000|1100.000000|1100.000000|100000|20|CLK_REGULAR_SESSION1_FLAG=1;CLK_REGULAR_SESSION2_FLAG=0
411239|2024-12-05 10:28:00|60|0|1105.000000|1105.000000|1105.000000|1105.000000|200|20|CLK_REGULAR_SESSION1_FLAG=1;CLK_REGULAR_SESSION2_FLAG=0
411240|2024-12-05 10:29:00|60|0|1105.000000|1105.000000|1105.000000|1105.000000|11900|20|CLK_REGULAR_SESSION1_FLAG=1;CLK_REGULAR_SESSION2_FLAG=0
411241|2024-12-05 10:32:00|180|1|1100.000000|1100.000000|1100.000000|1100.000000|700|20|CLK_REGULAR_SESSION1_FLAG=1;CLK_REGULAR_SESSION2_FLAG=0
411242|2024-12-05 10:38:00|360|1|1105.000000|1105.000000|1105.000000|1105.000000|10000|20|CLK_REGULAR_SESSION1_FLAG=1;CLK_REGULAR_SESSION2_FLAG=0
411243|2024-12-05 10:40:00|120|1|1100.000000|1100.000000|1100.000000|1100.000000|74800|20|CLK_REGULAR_SESSION1_FLAG=1;CLK_REGULAR_SESSION2_FLAG=0
411244|2024-12-05 10:41:00|60|0|1095.000000|1095.000000|1095.000000|1095.000000|600|20|CLK_REGULAR_SESSION1_FLAG=1;CLK_REGULAR_SESSION2_FLAG=0
411245|2024-12-05 10:42:00|60|0|1095.000000|1100.000000|1095.000000|1100.000000|136600|20|CLK_REGULAR_SESSION1_FLAG=1;CLK_REGULAR_SESSION2_FLAG=0
411246|2024-12-05 10:43:00|60|0|1105.000000|1105.000000|1105.000000|1105.000000|100000|20|CLK_REGULAR_SESSION1_FLAG=1;CLK_REGULAR_SESSION2_FLAG=0
411247|2024-12-05 10:48:00|300|1|1105.000000|1105.000000|1105.000000|1105.000000|202500|20|CLK_REGULAR_SESSION1_FLAG=1;CLK_REGULAR_SESSION2_FLAG=0
411248|2024-12-05 10:49:00|60|0|1105.000000|1105.000000|1105.000000|1105.000000|700|20|CLK_REGULAR_SESSION1_FLAG=1;CLK_REGULAR_SESSION2_FLAG=0
411249|2024-12-05 10:53:00|240|1|1100.000000|1100.000000|1100.000000|1100.000000|100|20|CLK_REGULAR_SESSION1_FLAG=1;CLK_REGULAR_SESSION2_FLAG=0
411250|2024-12-05 10:56:00|180|1|1105.000000|1105.000000|1105.000000|1105.000000|12900|20|CLK_REGULAR_SESSION1_FLAG=1;CLK_REGULAR_SESSION2_FLAG=0
411251|2024-12-05 10:58:00|120|1|1105.000000|1105.000000|1105.000000|1105.000000|79400|20|CLK_REGULAR_SESSION1_FLAG=1;CLK_REGULAR_SESSION2_FLAG=0
411252|2024-12-05 10:59:00|60|0|1105.000000|1105.000000|1105.000000|1105.000000|300|20|CLK_REGULAR_SESSION1_FLAG=1;CLK_REGULAR_SESSION2_FLAG=0
411253|2024-12-05 11:00:00|60|0|1100.000000|1100.000000|1100.000000|1100.000000|4400|20|CLK_REGULAR_SESSION1_FLAG=1;CLK_REGULAR_SESSION2_FLAG=0
411254|2024-12-05 11:01:00|60|0|1105.000000|1105.000000|1105.000000|1105.000000|75000|20|CLK_REGULAR_SESSION1_FLAG=1;CLK_REGULAR_SESSION2_FLAG=0
411255|2024-12-05 11:02:00|60|0|1105.000000|1105.000000|1105.000000|1105.000000|500|20|CLK_REGULAR_SESSION1_FLAG=1;CLK_REGULAR_SESSION2_FLAG=0
411256|2024-12-05 11:08:00|360|1|1105.000000|1105.000000|1100.000000|1100.000000|11000|20|CLK_REGULAR_SESSION1_FLAG=1;CLK_REGULAR_SESSION2_FLAG=0
411257|2024-12-05 11:09:00|60|0|1105.000000|1105.000000|1105.000000|1105.000000|100|20|CLK_REGULAR_SESSION1_FLAG=1;CLK_REGULAR_SESSION2_FLAG=0
411258|2024-12-05 11:10:00|60|0|1105.000000|1105.000000|1105.000000|1105.000000|2500|20|CLK_REGULAR_SESSION1_FLAG=1;CLK_REGULAR_SESSION2_FLAG=0
411259|2024-12-05 11:11:00|60|0|1105.000000|1110.000000|1100.000000|1110.000000|199900|20|CLK_REGULAR_SESSION1_FLAG=1;CLK_REGULAR_SESSION2_FLAG=0
411260|2024-12-05 11:12:00|60|0|1110.000000|1110.000000|1110.000000|1110.000000|9400|20|CLK_REGULAR_SESSION1_FLAG=1;CLK_REGULAR_SESSION2_FLAG=0
411261|2024-12-05 11:13:00|60|0|1110.000000|1110.000000|1110.000000|1110.000000|200|20|CLK_REGULAR_SESSION1_FLAG=1;CLK_REGULAR_SESSION2_FLAG=0
411262|2024-12-05 11:17:00|240|1|1105.000000|1110.000000|1105.000000|1105.000000|108900|20|CLK_REGULAR_SESSION1_FLAG=1;CLK_REGULAR_SESSION2_FLAG=0
411263|2024-12-05 11:38:00|1260|1|1105.000000|1105.000000|1105.000000|1105.000000|200|20|CLK_REGULAR_SESSION1_FLAG=1;CLK_REGULAR_SESSION2_FLAG=0
411264|2024-12-05 11:40:00|120|1|1105.000000|1105.000000|1105.000000|1105.000000|10000|20|CLK_REGULAR_SESSION1_FLAG=1;CLK_REGULAR_SESSION2_FLAG=0
411265|2024-12-05 11:41:00|60|0|1105.000000|1105.000000|1105.000000|1105.000000|2500|20|CLK_REGULAR_SESSION1_FLAG=1;CLK_REGULAR_SESSION2_FLAG=0
411266|2024-12-05 11:44:00|180|1|1100.000000|1100.000000|1100.000000|1100.000000|4600|20|CLK_REGULAR_SESSION1_FLAG=1;CLK_REGULAR_SESSION2_FLAG=0
411267|2024-12-05 11:47:00|180|1|1105.000000|1105.000000|1105.000000|1105.000000|100000|20|CLK_REGULAR_SESSION1_FLAG=1;CLK_REGULAR_SESSION2_FLAG=0
411268|2024-12-05 11:48:00|60|0|1100.000000|1100.000000|1100.000000|1100.000000|1300|20|CLK_REGULAR_SESSION1_FLAG=1;CLK_REGULAR_SESSION2_FLAG=0
411269|2024-12-05 11:54:00|360|1|1100.000000|1100.000000|1100.000000|1100.000000|2800|20|CLK_REGULAR_SESSION1_FLAG=1;CLK_REGULAR_SESSION2_FLAG=0
411270|2024-12-05 11:56:00|120|1|1100.000000|1100.000000|1100.000000|1100.000000|400|20|CLK_REGULAR_SESSION1_FLAG=1;CLK_REGULAR_SESSION2_FLAG=0;BND_LAST_S1_5M_FLAG=1
411271|2024-12-05 11:58:00|120|1|1105.000000|1105.000000|1100.000000|1100.000000|6000|20|CLK_REGULAR_SESSION1_FLAG=1;CLK_REGULAR_SESSION2_FLAG=0;BND_LAST_S1_5M_FLAG=1
411272|2024-12-05 11:59:00|60|0|1105.000000|1105.000000|1105.000000|1105.000000|20000|20|CLK_REGULAR_SESSION1_FLAG=1;CLK_REGULAR_SESSION2_FLAG=0;BND_LAST_S1_5M_FLAG=1
411273|2024-12-05 13:30:00|5460|1|1100.000000|1105.000000|1095.000000|1095.000000|154500|40|BND_FIRST_S2_5M_FLAG=1
411274|2024-12-05 13:31:00|60|0|1095.000000|1095.000000|1095.000000|1095.000000|3000|40|BND_FIRST_S2_5M_FLAG=1
411275|2024-12-05 13:32:00|60|0|1095.000000|1095.000000|1095.000000|1095.000000|7100|40|BND_FIRST_S2_5M_FLAG=1
411276|2024-12-05 13:33:00|60|0|1095.000000|1095.000000|1095.000000|1095.000000|2700|40|BND_FIRST_S2_5M_FLAG=1
411277|2024-12-05 13:34:00|60|0|1095.000000|1095.000000|1095.000000|1095.000000|2700|40|BND_FIRST_S2_5M_FLAG=1
411278|2024-12-05 13:35:00|60|0|1095.000000|1095.000000|1095.000000|1095.000000|2100|40|
411279|2024-12-05 13:36:00|60|0|1095.000000|1095.000000|1095.000000|1095.000000|3200|40|
411280|2024-12-05 13:37:00|60|0|1095.000000|1095.000000|1095.000000|1095.000000|2400|40|
411281|2024-12-05 13:38:00|60|0|1095.000000|1100.000000|1095.000000|1100.000000|238500|40|
411282|2024-12-05 13:39:00|60|0|1095.000000|1100.000000|1095.000000|1100.000000|9600|40|
411283|2024-12-05 13:40:00|60|0|1095.000000|1100.000000|1095.000000|1100.000000|87400|40|
411284|2024-12-05 13:41:00|60|0|1100.000000|1100.000000|1100.000000|1100.000000|24400|40|
411285|2024-12-05 13:44:00|180|1|1100.000000|1100.000000|1100.000000|1100.000000|2500|40|
411286|2024-12-05 13:45:00|60|0|1100.000000|1100.000000|1100.000000|1100.000000|10000|40|
411287|2024-12-05 13:46:00|60|0|1100.000000|1100.000000|1100.000000|1100.000000|11100|40|
411288|2024-12-05 13:49:00|180|1|1095.000000|1095.000000|1095.000000|1095.000000|5000|40|
411289|2024-12-05 13:52:00|180|1|1095.000000|1100.000000|1095.000000|1100.000000|200100|40|
411290|2024-12-05 13:55:00|180|1|1100.000000|1100.000000|1100.000000|1100.000000|1000|40|
411291|2024-12-05 13:56:00|60|0|1100.000000|1100.000000|1100.000000|1100.000000|1000|40|
411292|2024-12-05 13:58:00|120|1|1100.000000|1100.000000|1100.000000|1100.000000|800|40|
411293|2024-12-05 13:59:00|60|0|1095.000000|1095.000000|1095.000000|1095.000000|200|40|
411294|2024-12-05 14:01:00|120|1|1100.000000|1100.000000|1100.000000|1100.000000|11400|40|
411295|2024-12-05 14:03:00|120|1|1100.000000|1100.000000|1100.000000|1100.000000|100|40|
411296|2024-12-05 14:07:00|240|1|1100.000000|1100.000000|1100.000000|1100.000000|600|40|
411297|2024-12-05 14:09:00|120|1|1100.000000|1100.000000|1100.000000|1100.000000|600|40|
411298|2024-12-05 14:10:00|60|0|1095.000000|1095.000000|1095.000000|1095.000000|4600|40|
411299|2024-12-05 14:11:00|60|0|1100.000000|1100.000000|1100.000000|1100.000000|14100|40|
411300|2024-12-05 14:12:00|60|0|1100.000000|1100.000000|1100.000000|1100.000000|800|40|
411301|2024-12-05 14:14:00|120|1|1100.000000|1100.000000|1100.000000|1100.000000|600|40|
411302|2024-12-05 14:16:00|120|1|1100.000000|1100.000000|1100.000000|1100.000000|100|40|
411303|2024-12-05 14:17:00|60|0|1095.000000|1100.000000|1095.000000|1100.000000|2000|40|
411304|2024-12-05 14:18:00|60|0|1095.000000|1100.000000|1095.000000|1095.000000|53300|40|
411305|2024-12-05 14:19:00|60|0|1095.000000|1095.000000|1095.000000|1095.000000|3400|40|
411306|2024-12-05 14:20:00|60|0|1095.000000|1100.000000|1095.000000|1095.000000|3000|40|
411307|2024-12-05 14:21:00|60|0|1095.000000|1095.000000|1095.000000|1095.000000|3200|40|
411308|2024-12-05 14:22:00|60|0|1100.000000|1100.000000|1095.000000|1095.000000|14000|40|
411309|2024-12-05 14:23:00|60|0|1095.000000|1100.000000|1095.000000|1100.000000|3800|40|
411310|2024-12-05 14:24:00|60|0|1095.000000|1095.000000|1095.000000|1095.000000|2400|40|
411311|2024-12-05 14:25:00|60|0|1095.000000|1095.000000|1095.000000|1095.000000|9300|40|
411312|2024-12-05 14:26:00|60|0|1095.000000|1095.000000|1095.000000|1095.000000|2800|40|
411313|2024-12-05 14:27:00|60|0|1095.000000|1100.000000|1095.000000|1095.000000|3900|40|
411314|2024-12-05 14:28:00|60|0|1095.000000|1100.000000|1095.000000|1100.000000|9100|40|
411315|2024-12-05 14:29:00|60|0|1095.000000|1100.000000|1095.000000|1100.000000|101800|40|
411316|2024-12-05 14:30:00|60|0|1100.000000|1105.000000|1100.000000|1105.000000|254400|40|
411317|2024-12-05 14:31:00|60|0|1105.000000|1105.000000|1105.000000|1105.000000|24000|40|
411318|2024-12-05 14:32:00|60|0|1105.000000|1105.000000|1100.000000|1105.000000|106000|40|
411319|2024-12-05 14:33:00|60|0|1105.000000|1105.000000|1105.000000|1105.000000|12200|40|
411320|2024-12-05 14:34:00|60|0|1105.000000|1105.000000|1100.000000|1100.000000|40500|40|
411321|2024-12-05 14:35:00|60|0|1100.000000|1100.000000|1100.000000|1100.000000|2900|40|
411322|2024-12-05 14:36:00|60|0|1100.000000|1100.000000|1100.000000|1100.000000|12000|40|
411323|2024-12-05 14:37:00|60|0|1100.000000|1100.000000|1100.000000|1100.000000|5800|40|
411324|2024-12-05 14:38:00|60|0|1100.000000|1100.000000|1100.000000|1100.000000|11700|40|
411325|2024-12-05 14:39:00|60|0|1100.000000|1100.000000|1100.000000|1100.000000|8000|40|
411326|2024-12-05 14:41:00|120|1|1100.000000|1100.000000|1100.000000|1100.000000|1000|40|
411327|2024-12-05 14:44:00|180|1|1100.000000|1100.000000|1100.000000|1100.000000|37100|40|
411328|2024-12-05 14:48:00|240|1|1100.000000|1105.000000|1100.000000|1105.000000|155500|40|
411329|2024-12-05 14:49:00|60|0|1105.000000|1105.000000|1105.000000|1105.000000|12100|40|
411330|2024-12-05 14:50:00|60|0|1105.000000|1105.000000|1105.000000|1105.000000|5900|40|
411331|2024-12-05 14:51:00|60|0|1105.000000|1105.000000|1105.000000|1105.000000|11400|40|
411332|2024-12-05 14:52:00|60|0|1105.000000|1105.000000|1105.000000|1105.000000|17400|40|
411333|2024-12-05 14:53:00|60|0|1105.000000|1105.000000|1105.000000|1105.000000|11900|40|
411334|2024-12-05 14:54:00|60|0|1105.000000|1105.000000|1105.000000|1105.000000|23900|40|
411335|2024-12-05 14:55:00|60|0|1100.000000|1105.000000|1100.000000|1105.000000|6400|40|
411336|2024-12-05 14:56:00|60|0|1105.000000|1105.000000|1105.000000|1105.000000|17500|40|
411337|2024-12-05 14:57:00|60|0|1105.000000|1105.000000|1105.000000|1105.000000|6000|40|
411338|2024-12-05 14:58:00|60|0|1105.000000|1105.000000|1105.000000|1105.000000|12000|40|
411339|2024-12-05 14:59:00|60|0|1105.000000|1105.000000|1105.000000|1105.000000|11900|40|
411340|2024-12-05 15:00:00|60|0|1105.000000|1105.000000|1105.000000|1105.000000|12300|40|
411341|2024-12-05 15:01:00|60|0|1105.000000|1105.000000|1105.000000|1105.000000|12600|40|
411342|2024-12-05 15:02:00|60|0|1105.000000|1105.000000|1105.000000|1105.000000|7100|40|
411343|2024-12-05 15:03:00|60|0|1105.000000|1105.000000|1105.000000|1105.000000|18200|40|
411344|2024-12-05 15:04:00|60|0|1105.000000|1105.000000|1105.000000|1105.000000|27200|40|
411345|2024-12-05 15:05:00|60|0|1105.000000|1105.000000|1105.000000|1105.000000|11800|40|
411346|2024-12-05 15:06:00|60|0|1105.000000|1105.000000|1105.000000|1105.000000|11700|40|
411347|2024-12-05 15:07:00|60|0|1105.000000|1105.000000|1105.000000|1105.000000|12400|40|
411348|2024-12-05 15:08:00|60|0|1100.000000|1105.000000|1100.000000|1100.000000|16900|40|
411349|2024-12-05 15:09:00|60|0|1105.000000|1105.000000|1100.000000|1100.000000|33700|40|
411350|2024-12-05 15:10:00|60|0|1100.000000|1105.000000|1100.000000|1105.000000|7200|40|
411351|2024-12-05 15:11:00|60|0|1105.000000|1105.000000|1105.000000|1105.000000|12100|40|
411352|2024-12-05 15:12:00|60|0|1105.000000|1105.000000|1100.000000|1100.000000|13700|40|
411353|2024-12-05 15:13:00|60|0|1105.000000|1105.000000|1105.000000|1105.000000|12200|40|
411354|2024-12-05 15:14:00|60|0|1100.000000|1105.000000|1100.000000|1100.000000|17900|40|
411355|2024-12-05 15:15:00|60|0|1100.000000|1100.000000|1095.000000|1095.000000|83600|40|
411356|2024-12-05 15:16:00|60|0|1100.000000|1100.000000|1095.000000|1095.000000|10100|40|
411357|2024-12-05 15:17:00|60|0|1095.000000|1100.000000|1095.000000|1095.000000|32900|40|
411358|2024-12-05 15:18:00|60|0|1095.000000|1100.000000|1095.000000|1100.000000|15200|40|
411359|2024-12-05 15:19:00|60|0|1100.000000|1100.000000|1100.000000|1100.000000|12000|40|
411360|2024-12-05 15:20:00|60|0|1100.000000|1100.000000|1100.000000|1100.000000|12300|40|
411361|2024-12-05 15:21:00|60|0|1100.000000|1100.000000|1100.000000|1100.000000|17000|40|
411362|2024-12-05 15:22:00|60|0|1100.000000|1100.000000|1100.000000|1100.000000|12000|40|
411363|2024-12-05 15:23:00|60|0|1100.000000|1100.000000|1100.000000|1100.000000|13200|40|
411364|2024-12-05 15:24:00|60|0|1100.000000|1100.000000|1100.000000|1100.000000|12100|40|
411365|2024-12-05 15:25:00|60|0|1100.000000|1100.000000|1100.000000|1100.000000|51900|40|
411366|2024-12-05 15:26:00|60|0|1100.000000|1100.000000|1100.000000|1100.000000|11800|40|
411367|2024-12-05 15:27:00|60|0|1100.000000|1100.000000|1100.000000|1100.000000|31000|40|
411368|2024-12-05 15:28:00|60|0|1095.000000|1100.000000|1095.000000|1100.000000|15400|40|
411369|2024-12-05 15:29:00|60|0|1100.000000|1100.000000|1100.000000|1100.000000|12100|40|
411370|2024-12-05 15:30:00|60|0|1100.000000|1100.000000|1095.000000|1095.000000|17100|40|
411371|2024-12-05 15:31:00|60|0|1100.000000|1100.000000|1095.000000|1100.000000|531700|40|
411372|2024-12-05 15:32:00|60|0|1100.000000|1100.000000|1100.000000|1100.000000|27900|40|
411373|2024-12-05 15:33:00|60|0|1100.000000|1100.000000|1100.000000|1100.000000|8800|40|
411374|2024-12-05 15:34:00|60|0|1100.000000|1100.000000|1100.000000|1100.000000|82700|40|
411375|2024-12-05 15:35:00|60|0|1105.000000|1105.000000|1105.000000|1105.000000|12200|40|
411376|2024-12-05 15:36:00|60|0|1105.000000|1105.000000|1105.000000|1105.000000|11900|40|
411377|2024-12-05 15:37:00|60|0|1105.000000|1105.000000|1105.000000|1105.000000|41500|40|
411378|2024-12-05 15:38:00|60|0|1105.000000|1105.000000|1105.000000|1105.000000|23100|40|
411379|2024-12-05 15:39:00|60|0|1100.000000|1105.000000|1100.000000|1105.000000|100300|40|
411380|2024-12-05 15:40:00|60|0|1105.000000|1105.000000|1105.000000|1105.000000|12000|40|
411381|2024-12-05 15:41:00|60|0|1105.000000|1105.000000|1100.000000|1100.000000|69000|40|
411382|2024-12-05 15:42:00|60|0|1100.000000|1100.000000|1100.000000|1100.000000|58200|40|
411383|2024-12-05 15:43:00|60|0|1100.000000|1105.000000|1100.000000|1105.000000|13700|40|
411384|2024-12-05 15:44:00|60|0|1100.000000|1105.000000|1100.000000|1105.000000|190000|40|
411385|2024-12-05 15:45:00|60|0|1105.000000|1105.000000|1100.000000|1105.000000|62800|40|BND_LAST_REGULAR_5M_FLAG=1
411386|2024-12-05 15:46:00|60|0|1100.000000|1105.000000|1100.000000|1105.000000|212100|40|BND_LAST_REGULAR_5M_FLAG=1
411387|2024-12-05 15:47:00|60|0|1105.000000|1105.000000|1100.000000|1100.000000|97000|40|BND_LAST_REGULAR_5M_FLAG=1
411388|2024-12-05 15:48:00|60|0|1100.000000|1105.000000|1100.000000|1105.000000|65200|40|BND_LAST_REGULAR_5M_FLAG=1
411389|2024-12-05 15:49:00|60|0|1100.000000|1105.000000|1100.000000|1105.000000|84400|40|BND_LAST_REGULAR_5M_FLAG=1
411390|2024-12-05 16:00:00|660|1|1100.000000|1100.000000|1100.000000|1100.000000|146900|51|CLK_REGULAR_SESSION2_FLAG=0
411391|2024-12-05 16:01:00|60|0|1100.000000|1100.000000|1100.000000|1100.000000|18400|51|CLK_REGULAR_SESSION2_FLAG=0
411392|2024-12-05 16:02:00|60|0|1100.000000|1100.000000|1100.000000|1100.000000|1000|60|CLK_REGULAR_SESSION2_FLAG=0;CLK_POSTCLOSE_FLAG=1
411393|2024-12-05 16:06:00|240|1|1100.000000|1100.000000|1100.000000|1100.000000|200|60|CLK_REGULAR_SESSION2_FLAG=0;CLK_POSTCLOSE_FLAG=1
