#A1_LOSSLESS_AI_TRANSPORT_V2
ticker=CUAN
trading_date=2024-12-05
actual_rows=280
source_row_first=416203
source_row_last=416482
compact_rows_sha256=e30722f47ac5cf7a4eb05caf413beefc2fc028318a852f2fd74d9e691641d3d4
core_fields=source_row,RAW_DATETIME_ISO,OBS_DELTA_PREV_SEC_SAME_DATE,OBS_GAP_GT_BASE_INTERVAL_FLAG,RAW_OPEN,RAW_HIGH,RAW_LOW,RAW_CLOSE,RAW_VOLUME,IDX_REGULAR_CLOCK_SESSION_CODE
defaults_json={"RAW_TICKER":"CUAN","RAW_INTERVAL_SEC":"60","OBS_DUP_OR_OUT_OF_ORDER_TIME_FLAG":"0","DATE_CHANGE_FROM_PREV_FLAG":"0","DATE_FIRST_OBS_IN_RANGE_FLAG":"0","ANALYSIS_RANGE_LAST_OBS_FLAG":"0","CLK_PREOPEN_INPUT_FLAG":"0","CLK_REGULAR_SESSION1_FLAG":"1","CLK_OFFICIAL_MIDDAY_BREAK_FLAG":"0","CLK_REGULAR_SESSION2_FLAG":"0","CLK_PRECLOSE_INPUT_FLAG":"0","CLK_POSTCLOSE_FLAG":"0","BND_PRE_REG_OPEN_5M_FLAG":"0","BND_FIRST_S1_5M_FLAG":"0","BND_LAST_S1_5M_FLAG":"0","BND_PRE_S2_5M_FLAG":"0","BND_FIRST_S2_5M_FLAG":"0","BND_LAST_REGULAR_5M_FLAG":"0","BND_FIRST_PRECLOSE_5M_FLAG":"0","RAW_AUX1_SEMANTIC_PROVEN_CODE":"-1","RAW_AUX2_FRESH_SEMANTIC_PROVEN_CODE":"-1","RAW_OPENINT_FRESH_SEMANTIC_PROVEN_CODE":"-1"}
#ROW_FORMAT core values separated by | ; final field contains non-core exceptions as name=value pairs separated by ; ; blank means defaults
416203|2024-12-05 09:00:00||0|711.051880|718.562988|708.548157|711.051880|764867|20|DATE_CHANGE_FROM_PREV_FLAG=1;DATE_FIRST_OBS_IN_RANGE_FLAG=1;BND_FIRST_S1_5M_FLAG=1
416204|2024-12-05 09:01:00|60|0|711.051880|718.562988|711.051880|716.059265|161760|20|BND_FIRST_S1_5M_FLAG=1
416205|2024-12-05 09:02:00|60|0|716.059265|718.562988|716.059265|716.059265|170747|20|BND_FIRST_S1_5M_FLAG=1
416206|2024-12-05 09:03:00|60|0|716.059265|728.577759|713.555542|728.577759|871709|20|BND_FIRST_S1_5M_FLAG=1
416207|2024-12-05 09:04:00|60|0|723.570374|731.081482|723.570374|731.081482|1043454|20|BND_FIRST_S1_5M_FLAG=1
416208|2024-12-05 09:05:00|60|0|728.577759|731.081482|728.577759|731.081482|153772|20|
416209|2024-12-05 09:06:00|60|0|731.081482|731.081482|728.577759|731.081482|408395|20|
416210|2024-12-05 09:07:00|60|0|731.081482|733.585205|726.074097|728.577759|1460836|20|
416211|2024-12-05 09:08:00|60|0|728.577759|731.081482|726.074097|728.577759|256620|20|
416212|2024-12-05 09:09:00|60|0|728.577759|731.081482|726.074097|728.577759|290570|20|
416213|2024-12-05 09:10:00|60|0|728.577759|731.081482|726.074097|728.577759|31953|20|
416214|2024-12-05 09:11:00|60|0|726.074097|728.577759|721.066650|721.066650|1190237|20|
416215|2024-12-05 09:12:00|60|0|723.570374|723.570374|721.066650|721.066650|371450|20|
416216|2024-12-05 09:13:00|60|0|721.066650|723.570374|721.066650|723.570374|98854|20|
416217|2024-12-05 09:14:00|60|0|721.066650|723.570374|713.555542|713.555542|966568|20|
416218|2024-12-05 09:15:00|60|0|711.051880|713.555542|711.051880|711.051880|216679|20|
416219|2024-12-05 09:16:00|60|0|711.051880|711.051880|706.044434|706.044434|165754|20|
416220|2024-12-05 09:17:00|60|0|706.044434|708.548157|703.540771|708.548157|338499|20|
416221|2024-12-05 09:18:00|60|0|711.051880|713.555542|711.051880|713.555542|177737|20|
416222|2024-12-05 09:19:00|60|0|713.555542|718.562988|713.555542|718.562988|230658|20|
416223|2024-12-05 09:20:00|60|0|718.562988|723.570374|718.562988|723.570374|274593|20|
416224|2024-12-05 09:21:00|60|0|726.074097|726.074097|721.066650|723.570374|217678|20|
416225|2024-12-05 09:22:00|60|0|723.570374|726.074097|718.562988|718.562988|631065|20|
416226|2024-12-05 09:23:00|60|0|718.562988|721.066650|718.562988|721.066650|5991|20|
416227|2024-12-05 09:24:00|60|0|718.562988|721.066650|718.562988|718.562988|28957|20|
416228|2024-12-05 09:25:00|60|0|718.562988|718.562988|718.562988|718.562988|40939|20|
416229|2024-12-05 09:26:00|60|0|721.066650|721.066650|718.562988|718.562988|151775|20|
416230|2024-12-05 09:27:00|60|0|718.562988|718.562988|718.562988|718.562988|1997|20|
416231|2024-12-05 09:28:00|60|0|718.562988|718.562988|718.562988|718.562988|49926|20|
416232|2024-12-05 09:29:00|60|0|716.059265|718.562988|716.059265|716.059265|21967|20|
416233|2024-12-05 09:30:00|60|0|716.059265|716.059265|716.059265|716.059265|6990|20|
416234|2024-12-05 09:31:00|60|0|716.059265|716.059265|716.059265|716.059265|50925|20|
416235|2024-12-05 09:32:00|60|0|716.059265|716.059265|716.059265|716.059265|206694|20|
416236|2024-12-05 09:33:00|60|0|716.059265|716.059265|713.555542|716.059265|13979|20|
416237|2024-12-05 09:34:00|60|0|716.059265|716.059265|716.059265|716.059265|14978|20|
416238|2024-12-05 09:35:00|60|0|716.059265|718.562988|716.059265|718.562988|122818|20|
416239|2024-12-05 09:36:00|60|0|718.562988|718.562988|718.562988|718.562988|999|20|
416240|2024-12-05 09:37:00|60|0|718.562988|718.562988|718.562988|718.562988|999|20|
416241|2024-12-05 09:38:00|60|0|718.562988|718.562988|716.059265|718.562988|61908|20|
416242|2024-12-05 09:39:00|60|0|718.562988|721.066650|718.562988|721.066650|10984|20|
416243|2024-12-05 09:40:00|60|0|718.562988|718.562988|716.059265|716.059265|55917|20|
416244|2024-12-05 09:41:00|60|0|716.059265|716.059265|716.059265|716.059265|64904|20|
416245|2024-12-05 09:42:00|60|0|716.059265|718.562988|716.059265|718.562988|20969|20|
416246|2024-12-05 09:43:00|60|0|718.562988|718.562988|718.562988|718.562988|999|20|
416247|2024-12-05 09:44:00|60|0|716.059265|716.059265|716.059265|716.059265|4993|20|
416248|2024-12-05 09:45:00|60|0|716.059265|716.059265|716.059265|716.059265|4993|20|
416249|2024-12-05 09:46:00|60|0|716.059265|718.562988|716.059265|718.562988|20969|20|
416250|2024-12-05 09:47:00|60|0|718.562988|718.562988|718.562988|718.562988|100851|20|
416251|2024-12-05 09:48:00|60|0|718.562988|718.562988|718.562988|718.562988|5991|20|
416252|2024-12-05 09:49:00|60|0|718.562988|721.066650|718.562988|721.066650|30954|20|
416253|2024-12-05 09:50:00|60|0|721.066650|721.066650|721.066650|721.066650|213683|20|
416254|2024-12-05 09:51:00|60|0|721.066650|721.066650|721.066650|721.066650|49926|20|
416255|2024-12-05 09:52:00|60|0|721.066650|721.066650|718.562988|718.562988|5991|20|
416256|2024-12-05 09:53:00|60|0|718.562988|718.562988|718.562988|718.562988|61908|20|
416257|2024-12-05 09:54:00|60|0|721.066650|721.066650|721.066650|721.066650|999|20|
416258|2024-12-05 09:55:00|60|0|718.562988|718.562988|718.562988|718.562988|1997|20|
416259|2024-12-05 09:56:00|60|0|718.562988|721.066650|718.562988|718.562988|80880|20|
416260|2024-12-05 09:57:00|60|0|718.562988|721.066650|718.562988|721.066650|56916|20|
416261|2024-12-05 09:58:00|60|0|721.066650|721.066650|721.066650|721.066650|25962|20|
416262|2024-12-05 09:59:00|60|0|718.562988|718.562988|718.562988|718.562988|2996|20|
416263|2024-12-05 10:01:00|120|1|718.562988|718.562988|718.562988|718.562988|999|20|
416264|2024-12-05 10:02:00|60|0|721.066650|721.066650|721.066650|721.066650|3994|20|
416265|2024-12-05 10:03:00|60|0|721.066650|721.066650|718.562988|718.562988|1997|20|
416266|2024-12-05 10:04:00|60|0|718.562988|718.562988|718.562988|718.562988|3994|20|
416267|2024-12-05 10:07:00|180|1|718.562988|718.562988|718.562988|718.562988|70895|20|
416268|2024-12-05 10:08:00|60|0|718.562988|721.066650|718.562988|718.562988|271598|20|
416269|2024-12-05 10:10:00|120|1|721.066650|721.066650|721.066650|721.066650|1997|20|
416270|2024-12-05 10:11:00|60|0|721.066650|721.066650|721.066650|721.066650|14978|20|
416271|2024-12-05 10:13:00|120|1|718.562988|718.562988|718.562988|718.562988|2996|20|
416272|2024-12-05 10:14:00|60|0|721.066650|721.066650|721.066650|721.066650|14978|20|
416273|2024-12-05 10:15:00|60|0|721.066650|721.066650|721.066650|721.066650|23964|20|
416274|2024-12-05 10:16:00|60|0|718.562988|721.066650|718.562988|721.066650|34948|20|
416275|2024-12-05 10:17:00|60|0|718.562988|718.562988|718.562988|718.562988|2996|20|
416276|2024-12-05 10:18:00|60|0|718.562988|718.562988|718.562988|718.562988|45932|20|
416277|2024-12-05 10:21:00|180|1|718.562988|718.562988|718.562988|718.562988|24963|20|
416278|2024-12-05 10:22:00|60|0|718.562988|721.066650|718.562988|721.066650|3994|20|
416279|2024-12-05 10:23:00|60|0|721.066650|721.066650|721.066650|721.066650|15976|20|
416280|2024-12-05 10:24:00|60|0|718.562988|718.562988|718.562988|718.562988|3994|20|
416281|2024-12-05 10:25:00|60|0|718.562988|718.562988|718.562988|718.562988|2996|20|
416282|2024-12-05 10:26:00|60|0|718.562988|718.562988|718.562988|718.562988|2996|20|
416283|2024-12-05 10:27:00|60|0|718.562988|718.562988|718.562988|718.562988|72892|20|
416284|2024-12-05 10:28:00|60|0|718.562988|718.562988|718.562988|718.562988|9985|20|
416285|2024-12-05 10:33:00|300|1|718.562988|718.562988|718.562988|718.562988|84874|20|
416286|2024-12-05 10:34:00|60|0|721.066650|721.066650|721.066650|721.066650|999|20|
416287|2024-12-05 10:37:00|180|1|718.562988|718.562988|718.562988|718.562988|64904|20|
416288|2024-12-05 10:38:00|60|0|718.562988|718.562988|718.562988|718.562988|22966|20|
416289|2024-12-05 10:39:00|60|0|718.562988|718.562988|718.562988|718.562988|139793|20|
416290|2024-12-05 10:40:00|60|0|716.059265|716.059265|716.059265|716.059265|121820|20|
416291|2024-12-05 10:41:00|60|0|716.059265|716.059265|716.059265|716.059265|6990|20|
416292|2024-12-05 10:43:00|120|1|716.059265|716.059265|716.059265|716.059265|24963|20|
416293|2024-12-05 10:44:00|60|0|716.059265|716.059265|716.059265|716.059265|99852|20|
416294|2024-12-05 10:45:00|60|0|716.059265|716.059265|716.059265|716.059265|21967|20|
416295|2024-12-05 10:48:00|180|1|716.059265|716.059265|716.059265|716.059265|999|20|
416296|2024-12-05 10:49:00|60|0|716.059265|716.059265|716.059265|716.059265|10984|20|
416297|2024-12-05 10:50:00|60|0|716.059265|716.059265|716.059265|716.059265|7988|20|
416298|2024-12-05 10:51:00|60|0|716.059265|718.562988|716.059265|718.562988|180732|20|
416299|2024-12-05 10:52:00|60|0|718.562988|718.562988|718.562988|718.562988|10984|20|
416300|2024-12-05 10:55:00|180|1|716.059265|716.059265|716.059265|716.059265|1997|20|
416301|2024-12-05 10:56:00|60|0|718.562988|718.562988|716.059265|716.059265|10984|20|
416302|2024-12-05 10:57:00|60|0|716.059265|716.059265|716.059265|716.059265|74889|20|
416303|2024-12-05 10:58:00|60|0|716.059265|716.059265|716.059265|716.059265|15976|20|
416304|2024-12-05 10:59:00|60|0|716.059265|716.059265|716.059265|716.059265|6990|20|
416305|2024-12-05 11:04:00|300|1|716.059265|716.059265|716.059265|716.059265|999|20|
416306|2024-12-05 11:07:00|180|1|716.059265|718.562988|716.059265|718.562988|68898|20|
416307|2024-12-05 11:08:00|60|0|718.562988|718.562988|718.562988|718.562988|49926|20|
416308|2024-12-05 11:10:00|120|1|718.562988|718.562988|718.562988|718.562988|999|20|
416309|2024-12-05 11:11:00|60|0|721.066650|721.066650|721.066650|721.066650|999|20|
416310|2024-12-05 11:12:00|60|0|721.066650|723.570374|721.066650|723.570374|379438|20|
416311|2024-12-05 11:13:00|60|0|721.066650|723.570374|721.066650|723.570374|139793|20|
416312|2024-12-05 11:14:00|60|0|723.570374|723.570374|723.570374|723.570374|171746|20|
416313|2024-12-05 11:15:00|60|0|721.066650|721.066650|721.066650|721.066650|336502|20|
416314|2024-12-05 11:16:00|60|0|721.066650|721.066650|721.066650|721.066650|24963|20|
416315|2024-12-05 11:18:00|120|1|721.066650|721.066650|721.066650|721.066650|4993|20|
416316|2024-12-05 11:19:00|60|0|721.066650|721.066650|721.066650|721.066650|13979|20|
416317|2024-12-05 11:21:00|120|1|723.570374|726.074097|721.066650|721.066650|60910|20|
416318|2024-12-05 11:22:00|60|0|723.570374|723.570374|723.570374|723.570374|999|20|
416319|2024-12-05 11:23:00|60|0|723.570374|723.570374|723.570374|723.570374|3994|20|
416320|2024-12-05 11:25:00|120|1|723.570374|723.570374|723.570374|723.570374|39941|20|
416321|2024-12-05 11:26:00|60|0|723.570374|723.570374|723.570374|723.570374|9985|20|
416322|2024-12-05 11:27:00|60|0|723.570374|723.570374|723.570374|723.570374|89867|20|
416323|2024-12-05 11:28:00|60|0|726.074097|726.074097|726.074097|726.074097|999|20|
416324|2024-12-05 11:30:00|120|1|726.074097|726.074097|726.074097|726.074097|353476|20|
416325|2024-12-05 11:31:00|60|0|726.074097|728.577759|726.074097|726.074097|115828|20|
416326|2024-12-05 11:34:00|180|1|726.074097|726.074097|726.074097|726.074097|999|20|
416327|2024-12-05 11:35:00|60|0|723.570374|723.570374|723.570374|723.570374|1997|20|
416328|2024-12-05 11:37:00|120|1|726.074097|726.074097|723.570374|723.570374|15976|20|
416329|2024-12-05 11:38:00|60|0|726.074097|726.074097|723.570374|726.074097|57914|20|
416330|2024-12-05 11:40:00|120|1|726.074097|726.074097|726.074097|726.074097|222670|20|
416331|2024-12-05 11:41:00|60|0|726.074097|726.074097|726.074097|726.074097|72892|20|
416332|2024-12-05 11:43:00|120|1|726.074097|726.074097|726.074097|726.074097|2996|20|
416333|2024-12-05 11:44:00|60|0|726.074097|726.074097|726.074097|726.074097|47929|20|
416334|2024-12-05 11:46:00|120|1|726.074097|726.074097|726.074097|726.074097|36945|20|
416335|2024-12-05 11:48:00|120|1|726.074097|728.577759|726.074097|728.577759|98854|20|
416336|2024-12-05 11:50:00|120|1|726.074097|726.074097|726.074097|726.074097|999|20|
416337|2024-12-05 11:51:00|60|0|726.074097|726.074097|726.074097|726.074097|9985|20|
416338|2024-12-05 11:52:00|60|0|726.074097|726.074097|726.074097|726.074097|999|20|
416339|2024-12-05 11:53:00|60|0|726.074097|726.074097|726.074097|726.074097|24963|20|
416340|2024-12-05 11:54:00|60|0|726.074097|726.074097|726.074097|726.074097|999|20|
416341|2024-12-05 11:55:00|60|0|726.074097|726.074097|726.074097|726.074097|107840|20|BND_LAST_S1_5M_FLAG=1
416342|2024-12-05 11:56:00|60|0|726.074097|726.074097|726.074097|726.074097|7988|20|BND_LAST_S1_5M_FLAG=1
416343|2024-12-05 11:57:00|60|0|726.074097|726.074097|726.074097|726.074097|23964|20|BND_LAST_S1_5M_FLAG=1
416344|2024-12-05 11:58:00|60|0|726.074097|726.074097|726.074097|726.074097|94859|20|BND_LAST_S1_5M_FLAG=1
416345|2024-12-05 11:59:00|60|0|726.074097|726.074097|726.074097|726.074097|17973|20|BND_LAST_S1_5M_FLAG=1
416346|2024-12-05 13:30:00|5460|1|726.074097|728.577759|726.074097|726.074097|210688|40|CLK_REGULAR_SESSION1_FLAG=0;CLK_REGULAR_SESSION2_FLAG=1;BND_FIRST_S2_5M_FLAG=1
416347|2024-12-05 13:31:00|60|0|726.074097|728.577759|726.074097|728.577759|114830|40|CLK_REGULAR_SESSION1_FLAG=0;CLK_REGULAR_SESSION2_FLAG=1;BND_FIRST_S2_5M_FLAG=1
416348|2024-12-05 13:32:00|60|0|726.074097|728.577759|726.074097|728.577759|11982|40|CLK_REGULAR_SESSION1_FLAG=0;CLK_REGULAR_SESSION2_FLAG=1;BND_FIRST_S2_5M_FLAG=1
416349|2024-12-05 13:33:00|60|0|726.074097|726.074097|726.074097|726.074097|2996|40|CLK_REGULAR_SESSION1_FLAG=0;CLK_REGULAR_SESSION2_FLAG=1;BND_FIRST_S2_5M_FLAG=1
416350|2024-12-05 13:35:00|120|1|726.074097|726.074097|726.074097|726.074097|5991|40|CLK_REGULAR_SESSION1_FLAG=0;CLK_REGULAR_SESSION2_FLAG=1
416351|2024-12-05 13:36:00|60|0|726.074097|726.074097|726.074097|726.074097|4993|40|CLK_REGULAR_SESSION1_FLAG=0;CLK_REGULAR_SESSION2_FLAG=1
416352|2024-12-05 13:37:00|60|0|726.074097|728.577759|726.074097|728.577759|14978|40|CLK_REGULAR_SESSION1_FLAG=0;CLK_REGULAR_SESSION2_FLAG=1
416353|2024-12-05 13:38:00|60|0|726.074097|728.577759|726.074097|728.577759|54919|40|CLK_REGULAR_SESSION1_FLAG=0;CLK_REGULAR_SESSION2_FLAG=1
416354|2024-12-05 13:39:00|60|0|726.074097|726.074097|726.074097|726.074097|4993|40|CLK_REGULAR_SESSION1_FLAG=0;CLK_REGULAR_SESSION2_FLAG=1
416355|2024-12-05 13:40:00|60|0|726.074097|726.074097|726.074097|726.074097|2996|40|CLK_REGULAR_SESSION1_FLAG=0;CLK_REGULAR_SESSION2_FLAG=1
416356|2024-12-05 13:41:00|60|0|726.074097|726.074097|726.074097|726.074097|34948|40|CLK_REGULAR_SESSION1_FLAG=0;CLK_REGULAR_SESSION2_FLAG=1
416357|2024-12-05 13:42:00|60|0|726.074097|726.074097|726.074097|726.074097|999|40|CLK_REGULAR_SESSION1_FLAG=0;CLK_REGULAR_SESSION2_FLAG=1
416358|2024-12-05 13:43:00|60|0|726.074097|726.074097|726.074097|726.074097|53920|40|CLK_REGULAR_SESSION1_FLAG=0;CLK_REGULAR_SESSION2_FLAG=1
416359|2024-12-05 13:44:00|60|0|726.074097|728.577759|726.074097|728.577759|581139|40|CLK_REGULAR_SESSION1_FLAG=0;CLK_REGULAR_SESSION2_FLAG=1
416360|2024-12-05 13:45:00|60|0|731.081482|743.599976|728.577759|743.599976|4685060|40|CLK_REGULAR_SESSION1_FLAG=0;CLK_REGULAR_SESSION2_FLAG=1
416361|2024-12-05 13:46:00|60|0|743.599976|743.599976|738.592590|743.599976|842752|40|CLK_REGULAR_SESSION1_FLAG=0;CLK_REGULAR_SESSION2_FLAG=1
416362|2024-12-05 13:47:00|60|0|743.599976|743.599976|738.592590|738.592590|918639|40|CLK_REGULAR_SESSION1_FLAG=0;CLK_REGULAR_SESSION2_FLAG=1
416363|2024-12-05 13:48:00|60|0|741.096313|741.096313|738.592590|738.592590|82877|40|CLK_REGULAR_SESSION1_FLAG=0;CLK_REGULAR_SESSION2_FLAG=1
416364|2024-12-05 13:49:00|60|0|738.592590|738.592590|733.585205|733.585205|107840|40|CLK_REGULAR_SESSION1_FLAG=0;CLK_REGULAR_SESSION2_FLAG=1
416365|2024-12-05 13:50:00|60|0|733.585205|743.599976|733.585205|743.599976|1536724|40|CLK_REGULAR_SESSION1_FLAG=0;CLK_REGULAR_SESSION2_FLAG=1
416366|2024-12-05 13:51:00|60|0|741.096313|743.599976|741.096313|741.096313|320525|40|CLK_REGULAR_SESSION1_FLAG=0;CLK_REGULAR_SESSION2_FLAG=1
416367|2024-12-05 13:52:00|60|0|738.592590|741.096313|738.592590|738.592590|103846|40|CLK_REGULAR_SESSION1_FLAG=0;CLK_REGULAR_SESSION2_FLAG=1
416368|2024-12-05 13:53:00|60|0|738.592590|738.592590|736.088867|738.592590|31953|40|CLK_REGULAR_SESSION1_FLAG=0;CLK_REGULAR_SESSION2_FLAG=1
416369|2024-12-05 13:54:00|60|0|738.592590|741.096313|738.592590|738.592590|70895|40|CLK_REGULAR_SESSION1_FLAG=0;CLK_REGULAR_SESSION2_FLAG=1
416370|2024-12-05 13:55:00|60|0|741.096313|741.096313|738.592590|738.592590|26960|40|CLK_REGULAR_SESSION1_FLAG=0;CLK_REGULAR_SESSION2_FLAG=1
416371|2024-12-05 13:56:00|60|0|738.592590|741.096313|738.592590|738.592590|15976|40|CLK_REGULAR_SESSION1_FLAG=0;CLK_REGULAR_SESSION2_FLAG=1
416372|2024-12-05 13:57:00|60|0|738.592590|738.592590|736.088867|738.592590|109837|40|CLK_REGULAR_SESSION1_FLAG=0;CLK_REGULAR_SESSION2_FLAG=1
416373|2024-12-05 13:58:00|60|0|736.088867|738.592590|736.088867|738.592590|2996|40|CLK_REGULAR_SESSION1_FLAG=0;CLK_REGULAR_SESSION2_FLAG=1
416374|2024-12-05 13:59:00|60|0|738.592590|741.096313|736.088867|738.592590|217678|40|CLK_REGULAR_SESSION1_FLAG=0;CLK_REGULAR_SESSION2_FLAG=1
416375|2024-12-05 14:00:00|60|0|738.592590|738.592590|733.585205|733.585205|99852|40|CLK_REGULAR_SESSION1_FLAG=0;CLK_REGULAR_SESSION2_FLAG=1
416376|2024-12-05 14:01:00|60|0|736.088867|736.088867|736.088867|736.088867|47929|40|CLK_REGULAR_SESSION1_FLAG=0;CLK_REGULAR_SESSION2_FLAG=1
416377|2024-12-05 14:02:00|60|0|736.088867|738.592590|736.088867|738.592590|37944|40|CLK_REGULAR_SESSION1_FLAG=0;CLK_REGULAR_SESSION2_FLAG=1
416378|2024-12-05 14:03:00|60|0|738.592590|738.592590|738.592590|738.592590|35947|40|CLK_REGULAR_SESSION1_FLAG=0;CLK_REGULAR_SESSION2_FLAG=1
416379|2024-12-05 14:04:00|60|0|738.592590|741.096313|738.592590|741.096313|15976|40|CLK_REGULAR_SESSION1_FLAG=0;CLK_REGULAR_SESSION2_FLAG=1
416380|2024-12-05 14:05:00|60|0|741.096313|741.096313|738.592590|738.592590|153772|40|CLK_REGULAR_SESSION1_FLAG=0;CLK_REGULAR_SESSION2_FLAG=1
416381|2024-12-05 14:06:00|60|0|741.096313|741.096313|738.592590|738.592590|80880|40|CLK_REGULAR_SESSION1_FLAG=0;CLK_REGULAR_SESSION2_FLAG=1
416382|2024-12-05 14:07:00|60|0|741.096313|741.096313|736.088867|738.592590|238646|40|CLK_REGULAR_SESSION1_FLAG=0;CLK_REGULAR_SESSION2_FLAG=1
416383|2024-12-05 14:08:00|60|0|738.592590|741.096313|738.592590|741.096313|32951|40|CLK_REGULAR_SESSION1_FLAG=0;CLK_REGULAR_SESSION2_FLAG=1
416384|2024-12-05 14:09:00|60|0|738.592590|738.592590|738.592590|738.592590|10984|40|CLK_REGULAR_SESSION1_FLAG=0;CLK_REGULAR_SESSION2_FLAG=1
416385|2024-12-05 14:10:00|60|0|738.592590|738.592590|736.088867|736.088867|292567|40|CLK_REGULAR_SESSION1_FLAG=0;CLK_REGULAR_SESSION2_FLAG=1
416386|2024-12-05 14:11:00|60|0|736.088867|736.088867|733.585205|733.585205|58913|40|CLK_REGULAR_SESSION1_FLAG=0;CLK_REGULAR_SESSION2_FLAG=1
416387|2024-12-05 14:12:00|60|0|733.585205|733.585205|731.081482|731.081482|256620|40|CLK_REGULAR_SESSION1_FLAG=0;CLK_REGULAR_SESSION2_FLAG=1
416388|2024-12-05 14:13:00|60|0|733.585205|733.585205|733.585205|733.585205|3994|40|CLK_REGULAR_SESSION1_FLAG=0;CLK_REGULAR_SESSION2_FLAG=1
416389|2024-12-05 14:14:00|60|0|733.585205|733.585205|733.585205|733.585205|45932|40|CLK_REGULAR_SESSION1_FLAG=0;CLK_REGULAR_SESSION2_FLAG=1
416390|2024-12-05 14:15:00|60|0|733.585205|733.585205|731.081482|733.585205|12981|40|CLK_REGULAR_SESSION1_FLAG=0;CLK_REGULAR_SESSION2_FLAG=1
416391|2024-12-05 14:16:00|60|0|733.585205|733.585205|731.081482|731.081482|23964|40|CLK_REGULAR_SESSION1_FLAG=0;CLK_REGULAR_SESSION2_FLAG=1
416392|2024-12-05 14:17:00|60|0|731.081482|731.081482|731.081482|731.081482|234652|40|CLK_REGULAR_SESSION1_FLAG=0;CLK_REGULAR_SESSION2_FLAG=1
416393|2024-12-05 14:18:00|60|0|731.081482|731.081482|728.577759|728.577759|29956|40|CLK_REGULAR_SESSION1_FLAG=0;CLK_REGULAR_SESSION2_FLAG=1
416394|2024-12-05 14:19:00|60|0|731.081482|731.081482|731.081482|731.081482|28957|40|CLK_REGULAR_SESSION1_FLAG=0;CLK_REGULAR_SESSION2_FLAG=1
416395|2024-12-05 14:20:00|60|0|728.577759|728.577759|728.577759|728.577759|312537|40|CLK_REGULAR_SESSION1_FLAG=0;CLK_REGULAR_SESSION2_FLAG=1
416396|2024-12-05 14:21:00|60|0|731.081482|731.081482|731.081482|731.081482|249630|40|CLK_REGULAR_SESSION1_FLAG=0;CLK_REGULAR_SESSION2_FLAG=1
416397|2024-12-05 14:22:00|60|0|733.585205|733.585205|731.081482|731.081482|11982|40|CLK_REGULAR_SESSION1_FLAG=0;CLK_REGULAR_SESSION2_FLAG=1
416398|2024-12-05 14:23:00|60|0|733.585205|736.088867|733.585205|733.585205|269601|40|CLK_REGULAR_SESSION1_FLAG=0;CLK_REGULAR_SESSION2_FLAG=1
416399|2024-12-05 14:24:00|60|0|731.081482|733.585205|731.081482|733.585205|171746|40|CLK_REGULAR_SESSION1_FLAG=0;CLK_REGULAR_SESSION2_FLAG=1
416400|2024-12-05 14:26:00|120|1|733.585205|733.585205|733.585205|733.585205|22966|40|CLK_REGULAR_SESSION1_FLAG=0;CLK_REGULAR_SESSION2_FLAG=1
416401|2024-12-05 14:27:00|60|0|731.081482|731.081482|731.081482|731.081482|119822|40|CLK_REGULAR_SESSION1_FLAG=0;CLK_REGULAR_SESSION2_FLAG=1
416402|2024-12-05 14:28:00|60|0|731.081482|733.585205|731.081482|731.081482|354475|40|CLK_REGULAR_SESSION1_FLAG=0;CLK_REGULAR_SESSION2_FLAG=1
416403|2024-12-05 14:29:00|60|0|728.577759|728.577759|721.066650|721.066650|2564201|40|CLK_REGULAR_SESSION1_FLAG=0;CLK_REGULAR_SESSION2_FLAG=1
416404|2024-12-05 14:30:00|60|0|718.562988|721.066650|718.562988|721.066650|140791|40|CLK_REGULAR_SESSION1_FLAG=0;CLK_REGULAR_SESSION2_FLAG=1
416405|2024-12-05 14:31:00|60|0|721.066650|723.570374|718.562988|721.066650|110836|40|CLK_REGULAR_SESSION1_FLAG=0;CLK_REGULAR_SESSION2_FLAG=1
416406|2024-12-05 14:32:00|60|0|723.570374|723.570374|721.066650|723.570374|166753|40|CLK_REGULAR_SESSION1_FLAG=0;CLK_REGULAR_SESSION2_FLAG=1
416407|2024-12-05 14:33:00|60|0|721.066650|721.066650|718.562988|718.562988|24963|40|CLK_REGULAR_SESSION1_FLAG=0;CLK_REGULAR_SESSION2_FLAG=1
416408|2024-12-05 14:34:00|60|0|718.562988|721.066650|718.562988|721.066650|10984|40|CLK_REGULAR_SESSION1_FLAG=0;CLK_REGULAR_SESSION2_FLAG=1
416409|2024-12-05 14:35:00|60|0|721.066650|721.066650|718.562988|718.562988|944601|40|CLK_REGULAR_SESSION1_FLAG=0;CLK_REGULAR_SESSION2_FLAG=1
416410|2024-12-05 14:36:00|60|0|716.059265|718.562988|713.555542|713.555542|205695|40|CLK_REGULAR_SESSION1_FLAG=0;CLK_REGULAR_SESSION2_FLAG=1
416411|2024-12-05 14:37:00|60|0|716.059265|716.059265|716.059265|716.059265|54919|40|CLK_REGULAR_SESSION1_FLAG=0;CLK_REGULAR_SESSION2_FLAG=1
416412|2024-12-05 14:38:00|60|0|716.059265|716.059265|716.059265|716.059265|31953|40|CLK_REGULAR_SESSION1_FLAG=0;CLK_REGULAR_SESSION2_FLAG=1
416413|2024-12-05 14:39:00|60|0|716.059265|716.059265|716.059265|716.059265|78883|40|CLK_REGULAR_SESSION1_FLAG=0;CLK_REGULAR_SESSION2_FLAG=1
416414|2024-12-05 14:40:00|60|0|716.059265|718.562988|716.059265|718.562988|29956|40|CLK_REGULAR_SESSION1_FLAG=0;CLK_REGULAR_SESSION2_FLAG=1
416415|2024-12-05 14:41:00|60|0|721.066650|721.066650|721.066650|721.066650|999|40|CLK_REGULAR_SESSION1_FLAG=0;CLK_REGULAR_SESSION2_FLAG=1
416416|2024-12-05 14:42:00|60|0|721.066650|721.066650|721.066650|721.066650|16975|40|CLK_REGULAR_SESSION1_FLAG=0;CLK_REGULAR_SESSION2_FLAG=1
416417|2024-12-05 14:43:00|60|0|721.066650|721.066650|721.066650|721.066650|999|40|CLK_REGULAR_SESSION1_FLAG=0;CLK_REGULAR_SESSION2_FLAG=1
416418|2024-12-05 14:44:00|60|0|721.066650|721.066650|721.066650|721.066650|999|40|CLK_REGULAR_SESSION1_FLAG=0;CLK_REGULAR_SESSION2_FLAG=1
416419|2024-12-05 14:45:00|60|0|721.066650|721.066650|718.562988|718.562988|45932|40|CLK_REGULAR_SESSION1_FLAG=0;CLK_REGULAR_SESSION2_FLAG=1
416420|2024-12-05 14:46:00|60|0|718.562988|718.562988|718.562988|718.562988|324519|40|CLK_REGULAR_SESSION1_FLAG=0;CLK_REGULAR_SESSION2_FLAG=1
416421|2024-12-05 14:47:00|60|0|718.562988|718.562988|718.562988|718.562988|172744|40|CLK_REGULAR_SESSION1_FLAG=0;CLK_REGULAR_SESSION2_FLAG=1
416422|2024-12-05 14:49:00|120|1|716.059265|716.059265|716.059265|716.059265|43935|40|CLK_REGULAR_SESSION1_FLAG=0;CLK_REGULAR_SESSION2_FLAG=1
416423|2024-12-05 14:50:00|60|0|718.562988|718.562988|718.562988|718.562988|26960|40|CLK_REGULAR_SESSION1_FLAG=0;CLK_REGULAR_SESSION2_FLAG=1
416424|2024-12-05 14:51:00|60|0|718.562988|718.562988|716.059265|716.059265|1997|40|CLK_REGULAR_SESSION1_FLAG=0;CLK_REGULAR_SESSION2_FLAG=1
416425|2024-12-05 14:52:00|60|0|716.059265|716.059265|716.059265|716.059265|1997|40|CLK_REGULAR_SESSION1_FLAG=0;CLK_REGULAR_SESSION2_FLAG=1
416426|2024-12-05 14:53:00|60|0|716.059265|718.562988|716.059265|716.059265|34948|40|CLK_REGULAR_SESSION1_FLAG=0;CLK_REGULAR_SESSION2_FLAG=1
416427|2024-12-05 14:54:00|60|0|718.562988|718.562988|716.059265|716.059265|10984|40|CLK_REGULAR_SESSION1_FLAG=0;CLK_REGULAR_SESSION2_FLAG=1
416428|2024-12-05 14:55:00|60|0|716.059265|716.059265|716.059265|716.059265|2996|40|CLK_REGULAR_SESSION1_FLAG=0;CLK_REGULAR_SESSION2_FLAG=1
416429|2024-12-05 14:56:00|60|0|716.059265|718.562988|716.059265|718.562988|13979|40|CLK_REGULAR_SESSION1_FLAG=0;CLK_REGULAR_SESSION2_FLAG=1
416430|2024-12-05 14:57:00|60|0|718.562988|718.562988|718.562988|718.562988|103846|40|CLK_REGULAR_SESSION1_FLAG=0;CLK_REGULAR_SESSION2_FLAG=1
416431|2024-12-05 14:58:00|60|0|721.066650|721.066650|721.066650|721.066650|4993|40|CLK_REGULAR_SESSION1_FLAG=0;CLK_REGULAR_SESSION2_FLAG=1
416432|2024-12-05 14:59:00|60|0|721.066650|721.066650|721.066650|721.066650|3994|40|CLK_REGULAR_SESSION1_FLAG=0;CLK_REGULAR_SESSION2_FLAG=1
416433|2024-12-05 15:00:00|60|0|721.066650|721.066650|718.562988|718.562988|2996|40|CLK_REGULAR_SESSION1_FLAG=0;CLK_REGULAR_SESSION2_FLAG=1
416434|2024-12-05 15:01:00|60|0|718.562988|718.562988|718.562988|718.562988|999|40|CLK_REGULAR_SESSION1_FLAG=0;CLK_REGULAR_SESSION2_FLAG=1
416435|2024-12-05 15:02:00|60|0|718.562988|718.562988|718.562988|718.562988|85873|40|CLK_REGULAR_SESSION1_FLAG=0;CLK_REGULAR_SESSION2_FLAG=1
416436|2024-12-05 15:04:00|120|1|718.562988|718.562988|716.059265|716.059265|90865|40|CLK_REGULAR_SESSION1_FLAG=0;CLK_REGULAR_SESSION2_FLAG=1
416437|2024-12-05 15:05:00|60|0|716.059265|716.059265|716.059265|716.059265|76886|40|CLK_REGULAR_SESSION1_FLAG=0;CLK_REGULAR_SESSION2_FLAG=1
416438|2024-12-05 15:07:00|120|1|713.555542|713.555542|713.555542|713.555542|100851|40|CLK_REGULAR_SESSION1_FLAG=0;CLK_REGULAR_SESSION2_FLAG=1
416439|2024-12-05 15:08:00|60|0|713.555542|716.059265|713.555542|716.059265|3994|40|CLK_REGULAR_SESSION1_FLAG=0;CLK_REGULAR_SESSION2_FLAG=1
416440|2024-12-05 15:09:00|60|0|716.059265|716.059265|716.059265|716.059265|99852|40|CLK_REGULAR_SESSION1_FLAG=0;CLK_REGULAR_SESSION2_FLAG=1
416441|2024-12-05 15:10:00|60|0|716.059265|716.059265|716.059265|716.059265|57914|40|CLK_REGULAR_SESSION1_FLAG=0;CLK_REGULAR_SESSION2_FLAG=1
416442|2024-12-05 15:12:00|120|1|716.059265|716.059265|716.059265|716.059265|52922|40|CLK_REGULAR_SESSION1_FLAG=0;CLK_REGULAR_SESSION2_FLAG=1
416443|2024-12-05 15:13:00|60|0|716.059265|716.059265|713.555542|713.555542|42936|40|CLK_REGULAR_SESSION1_FLAG=0;CLK_REGULAR_SESSION2_FLAG=1
416444|2024-12-05 15:14:00|60|0|713.555542|716.059265|713.555542|713.555542|140791|40|CLK_REGULAR_SESSION1_FLAG=0;CLK_REGULAR_SESSION2_FLAG=1
416445|2024-12-05 15:15:00|60|0|713.555542|716.059265|713.555542|716.059265|34948|40|CLK_REGULAR_SESSION1_FLAG=0;CLK_REGULAR_SESSION2_FLAG=1
416446|2024-12-05 15:17:00|120|1|716.059265|716.059265|716.059265|716.059265|15976|40|CLK_REGULAR_SESSION1_FLAG=0;CLK_REGULAR_SESSION2_FLAG=1
416447|2024-12-05 15:18:00|60|0|716.059265|716.059265|716.059265|716.059265|9985|40|CLK_REGULAR_SESSION1_FLAG=0;CLK_REGULAR_SESSION2_FLAG=1
416448|2024-12-05 15:19:00|60|0|716.059265|716.059265|716.059265|716.059265|41938|40|CLK_REGULAR_SESSION1_FLAG=0;CLK_REGULAR_SESSION2_FLAG=1
416449|2024-12-05 15:20:00|60|0|716.059265|716.059265|716.059265|716.059265|17973|40|CLK_REGULAR_SESSION1_FLAG=0;CLK_REGULAR_SESSION2_FLAG=1
416450|2024-12-05 15:22:00|120|1|716.059265|716.059265|713.555542|716.059265|56916|40|CLK_REGULAR_SESSION1_FLAG=0;CLK_REGULAR_SESSION2_FLAG=1
416451|2024-12-05 15:23:00|60|0|716.059265|716.059265|716.059265|716.059265|999|40|CLK_REGULAR_SESSION1_FLAG=0;CLK_REGULAR_SESSION2_FLAG=1
416452|2024-12-05 15:24:00|60|0|716.059265|716.059265|716.059265|716.059265|82877|40|CLK_REGULAR_SESSION1_FLAG=0;CLK_REGULAR_SESSION2_FLAG=1
416453|2024-12-05 15:25:00|60|0|718.562988|718.562988|718.562988|718.562988|999|40|CLK_REGULAR_SESSION1_FLAG=0;CLK_REGULAR_SESSION2_FLAG=1
416454|2024-12-05 15:26:00|60|0|718.562988|721.066650|718.562988|721.066650|463314|40|CLK_REGULAR_SESSION1_FLAG=0;CLK_REGULAR_SESSION2_FLAG=1
416455|2024-12-05 15:27:00|60|0|721.066650|721.066650|721.066650|721.066650|999|40|CLK_REGULAR_SESSION1_FLAG=0;CLK_REGULAR_SESSION2_FLAG=1
416456|2024-12-05 15:28:00|60|0|723.570374|723.570374|723.570374|723.570374|96857|40|CLK_REGULAR_SESSION1_FLAG=0;CLK_REGULAR_SESSION2_FLAG=1
416457|2024-12-05 15:29:00|60|0|723.570374|723.570374|723.570374|723.570374|999|40|CLK_REGULAR_SESSION1_FLAG=0;CLK_REGULAR_SESSION2_FLAG=1
416458|2024-12-05 15:30:00|60|0|723.570374|723.570374|721.066650|721.066650|30954|40|CLK_REGULAR_SESSION1_FLAG=0;CLK_REGULAR_SESSION2_FLAG=1
416459|2024-12-05 15:31:00|60|0|721.066650|721.066650|721.066650|721.066650|58913|40|CLK_REGULAR_SESSION1_FLAG=0;CLK_REGULAR_SESSION2_FLAG=1
416460|2024-12-05 15:32:00|60|0|721.066650|721.066650|721.066650|721.066650|95858|40|CLK_REGULAR_SESSION1_FLAG=0;CLK_REGULAR_SESSION2_FLAG=1
416461|2024-12-05 15:33:00|60|0|723.570374|723.570374|723.570374|723.570374|999|40|CLK_REGULAR_SESSION1_FLAG=0;CLK_REGULAR_SESSION2_FLAG=1
416462|2024-12-05 15:34:00|60|0|721.066650|721.066650|721.066650|721.066650|999|40|CLK_REGULAR_SESSION1_FLAG=0;CLK_REGULAR_SESSION2_FLAG=1
416463|2024-12-05 15:35:00|60|0|723.570374|723.570374|721.066650|723.570374|107840|40|CLK_REGULAR_SESSION1_FLAG=0;CLK_REGULAR_SESSION2_FLAG=1
416464|2024-12-05 15:36:00|60|0|721.066650|723.570374|721.066650|723.570374|1997|40|CLK_REGULAR_SESSION1_FLAG=0;CLK_REGULAR_SESSION2_FLAG=1
416465|2024-12-05 15:37:00|60|0|723.570374|723.570374|723.570374|723.570374|100851|40|CLK_REGULAR_SESSION1_FLAG=0;CLK_REGULAR_SESSION2_FLAG=1
416466|2024-12-05 15:38:00|60|0|721.066650|721.066650|721.066650|721.066650|3994|40|CLK_REGULAR_SESSION1_FLAG=0;CLK_REGULAR_SESSION2_FLAG=1
416467|2024-12-05 15:39:00|60|0|721.066650|721.066650|721.066650|721.066650|999|40|CLK_REGULAR_SESSION1_FLAG=0;CLK_REGULAR_SESSION2_FLAG=1
416468|2024-12-05 15:40:00|60|0|721.066650|721.066650|718.562988|718.562988|425370|40|CLK_REGULAR_SESSION1_FLAG=0;CLK_REGULAR_SESSION2_FLAG=1
416469|2024-12-05 15:41:00|60|0|718.562988|721.066650|718.562988|721.066650|6990|40|CLK_REGULAR_SESSION1_FLAG=0;CLK_REGULAR_SESSION2_FLAG=1
416470|2024-12-05 15:42:00|60|0|718.562988|718.562988|718.562988|718.562988|21967|40|CLK_REGULAR_SESSION1_FLAG=0;CLK_REGULAR_SESSION2_FLAG=1
416471|2024-12-05 15:43:00|60|0|718.562988|718.562988|718.562988|718.562988|2996|40|CLK_REGULAR_SESSION1_FLAG=0;CLK_REGULAR_SESSION2_FLAG=1
416472|2024-12-05 15:44:00|60|0|718.562988|718.562988|718.562988|718.562988|999|40|CLK_REGULAR_SESSION1_FLAG=0;CLK_REGULAR_SESSION2_FLAG=1
416473|2024-12-05 15:45:00|60|0|721.066650|721.066650|721.066650|721.066650|112833|40|CLK_REGULAR_SESSION1_FLAG=0;CLK_REGULAR_SESSION2_FLAG=1;BND_LAST_REGULAR_5M_FLAG=1
416474|2024-12-05 15:46:00|60|0|721.066650|723.570374|721.066650|721.066650|16975|40|CLK_REGULAR_SESSION1_FLAG=0;CLK_REGULAR_SESSION2_FLAG=1;BND_LAST_REGULAR_5M_FLAG=1
416475|2024-12-05 15:47:00|60|0|721.066650|721.066650|721.066650|721.066650|5991|40|CLK_REGULAR_SESSION1_FLAG=0;CLK_REGULAR_SESSION2_FLAG=1;BND_LAST_REGULAR_5M_FLAG=1
416476|2024-12-05 15:48:00|60|0|721.066650|723.570374|721.066650|723.570374|160762|40|CLK_REGULAR_SESSION1_FLAG=0;CLK_REGULAR_SESSION2_FLAG=1;BND_LAST_REGULAR_5M_FLAG=1
416477|2024-12-05 15:49:00|60|0|721.066650|723.570374|718.562988|718.562988|35947|40|CLK_REGULAR_SESSION1_FLAG=0;CLK_REGULAR_SESSION2_FLAG=1;BND_LAST_REGULAR_5M_FLAG=1
416478|2024-12-05 16:00:00|660|1|718.562988|718.562988|718.562988|718.562988|269601|51|CLK_REGULAR_SESSION1_FLAG=0
416479|2024-12-05 16:01:00|60|0|718.562988|718.562988|718.562988|718.562988|9985|51|CLK_REGULAR_SESSION1_FLAG=0
416480|2024-12-05 16:05:00|240|1|718.562988|718.562988|718.562988|718.562988|349482|60|CLK_REGULAR_SESSION1_FLAG=0;CLK_POSTCLOSE_FLAG=1
416481|2024-12-05 16:11:00|360|1|718.562988|718.562988|718.562988|718.562988|4993|60|CLK_REGULAR_SESSION1_FLAG=0;CLK_POSTCLOSE_FLAG=1
416482|2024-12-05 16:12:00|60|0|718.562988|718.562988|718.562988|718.562988|999|60|CLK_REGULAR_SESSION1_FLAG=0;CLK_POSTCLOSE_FLAG=1
