#A1_LOSSLESS_AI_TRANSPORT_V2
ticker=DAAZ
trading_date=2024-12-05
actual_rows=332
source_row_first=424989
source_row_last=425320
compact_rows_sha256=ac4bf77614dbb0158215de23237f4a69fd2abad730362611002f89ca699c3764
core_fields=source_row,RAW_DATETIME_ISO,OBS_DELTA_PREV_SEC_SAME_DATE,OBS_GAP_GT_BASE_INTERVAL_FLAG,RAW_OPEN,RAW_HIGH,RAW_LOW,RAW_CLOSE,RAW_VOLUME,IDX_REGULAR_CLOCK_SESSION_CODE
defaults_json={"RAW_TICKER":"DAAZ","RAW_INTERVAL_SEC":"60","OBS_DUP_OR_OUT_OF_ORDER_TIME_FLAG":"0","DATE_CHANGE_FROM_PREV_FLAG":"0","DATE_FIRST_OBS_IN_RANGE_FLAG":"0","ANALYSIS_RANGE_LAST_OBS_FLAG":"0","CLK_PREOPEN_INPUT_FLAG":"0","CLK_REGULAR_SESSION1_FLAG":"1","CLK_OFFICIAL_MIDDAY_BREAK_FLAG":"0","CLK_REGULAR_SESSION2_FLAG":"0","CLK_PRECLOSE_INPUT_FLAG":"0","CLK_POSTCLOSE_FLAG":"0","BND_PRE_REG_OPEN_5M_FLAG":"0","BND_FIRST_S1_5M_FLAG":"0","BND_LAST_S1_5M_FLAG":"0","BND_PRE_S2_5M_FLAG":"0","BND_FIRST_S2_5M_FLAG":"0","BND_LAST_REGULAR_5M_FLAG":"0","BND_FIRST_PRECLOSE_5M_FLAG":"0","RAW_AUX1_SEMANTIC_PROVEN_CODE":"-1","RAW_AUX2_FRESH_SEMANTIC_PROVEN_CODE":"-1","RAW_OPENINT_FRESH_SEMANTIC_PROVEN_CODE":"-1"}
#ROW_FORMAT core values separated by | ; final field contains non-core exceptions as name=value pairs separated by ; ; blank means defaults
424989|2024-12-05 09:00:00||0|4520.000000|4990.000000|4520.000000|4980.000000|446600|20|DATE_CHANGE_FROM_PREV_FLAG=1;DATE_FIRST_OBS_IN_RANGE_FLAG=1;BND_FIRST_S1_5M_FLAG=1
424990|2024-12-05 09:01:00|60|0|4980.000000|4990.000000|4650.000000|4650.000000|532500|20|BND_FIRST_S1_5M_FLAG=1
424991|2024-12-05 09:02:00|60|0|4660.000000|4740.000000|4400.000000|4530.000000|2211100|20|BND_FIRST_S1_5M_FLAG=1
424992|2024-12-05 09:03:00|60|0|4540.000000|4650.000000|4400.000000|4420.000000|925400|20|BND_FIRST_S1_5M_FLAG=1
424993|2024-12-05 09:04:00|60|0|4420.000000|4450.000000|4110.000000|4300.000000|866100|20|BND_FIRST_S1_5M_FLAG=1
424994|2024-12-05 09:05:00|60|0|4290.000000|4380.000000|4240.000000|4370.000000|470700|20|
424995|2024-12-05 09:06:00|60|0|4370.000000|4540.000000|4360.000000|4390.000000|528400|20|
424996|2024-12-05 09:07:00|60|0|4390.000000|4470.000000|4380.000000|4420.000000|296900|20|
424997|2024-12-05 09:08:00|60|0|4430.000000|4440.000000|4260.000000|4310.000000|711400|20|
424998|2024-12-05 09:09:00|60|0|4320.000000|4320.000000|4180.000000|4200.000000|416900|20|
424999|2024-12-05 09:10:00|60|0|4200.000000|4260.000000|4170.000000|4230.000000|396500|20|
425000|2024-12-05 09:11:00|60|0|4240.000000|4360.000000|4240.000000|4360.000000|328400|20|
425001|2024-12-05 09:12:00|60|0|4360.000000|4360.000000|4250.000000|4280.000000|259500|20|
425002|2024-12-05 09:13:00|60|0|4270.000000|4270.000000|4020.000000|4120.000000|1427200|20|
425003|2024-12-05 09:14:00|60|0|4110.000000|4160.000000|4060.000000|4100.000000|393100|20|
425004|2024-12-05 09:15:00|60|0|4100.000000|4140.000000|4090.000000|4130.000000|168700|20|
425005|2024-12-05 09:16:00|60|0|4140.000000|4210.000000|4140.000000|4210.000000|385400|20|
425006|2024-12-05 09:17:00|60|0|4200.000000|4210.000000|4090.000000|4170.000000|346100|20|
425007|2024-12-05 09:18:00|60|0|4170.000000|4250.000000|4160.000000|4230.000000|264400|20|
425008|2024-12-05 09:19:00|60|0|4230.000000|4230.000000|4200.000000|4200.000000|105400|20|
425009|2024-12-05 09:20:00|60|0|4200.000000|4250.000000|4180.000000|4250.000000|100000|20|
425010|2024-12-05 09:21:00|60|0|4250.000000|4330.000000|4250.000000|4330.000000|300800|20|
425011|2024-12-05 09:22:00|60|0|4310.000000|4340.000000|4270.000000|4280.000000|259200|20|
425012|2024-12-05 09:23:00|60|0|4280.000000|4310.000000|4260.000000|4300.000000|145100|20|
425013|2024-12-05 09:24:00|60|0|4300.000000|4320.000000|4300.000000|4310.000000|73800|20|
425014|2024-12-05 09:25:00|60|0|4310.000000|4350.000000|4310.000000|4330.000000|102900|20|
425015|2024-12-05 09:26:00|60|0|4340.000000|4380.000000|4330.000000|4370.000000|483700|20|
425016|2024-12-05 09:27:00|60|0|4370.000000|4450.000000|4360.000000|4410.000000|310400|20|
425017|2024-12-05 09:28:00|60|0|4420.000000|4510.000000|4410.000000|4460.000000|548400|20|
425018|2024-12-05 09:29:00|60|0|4450.000000|4470.000000|4370.000000|4430.000000|264700|20|
425019|2024-12-05 09:30:00|60|0|4430.000000|4430.000000|4380.000000|4420.000000|162100|20|
425020|2024-12-05 09:31:00|60|0|4430.000000|4430.000000|4400.000000|4410.000000|66900|20|
425021|2024-12-05 09:32:00|60|0|4410.000000|4460.000000|4400.000000|4460.000000|115500|20|
425022|2024-12-05 09:33:00|60|0|4460.000000|4470.000000|4430.000000|4440.000000|37900|20|
425023|2024-12-05 09:34:00|60|0|4450.000000|4640.000000|4430.000000|4590.000000|612300|20|
425024|2024-12-05 09:35:00|60|0|4590.000000|4600.000000|4490.000000|4500.000000|299300|20|
425025|2024-12-05 09:36:00|60|0|4500.000000|4580.000000|4490.000000|4580.000000|284600|20|
425026|2024-12-05 09:37:00|60|0|4570.000000|4670.000000|4570.000000|4660.000000|598100|20|
425027|2024-12-05 09:38:00|60|0|4670.000000|4780.000000|4620.000000|4650.000000|749500|20|
425028|2024-12-05 09:39:00|60|0|4660.000000|4690.000000|4600.000000|4660.000000|385900|20|
425029|2024-12-05 09:40:00|60|0|4660.000000|4660.000000|4560.000000|4580.000000|405100|20|
425030|2024-12-05 09:41:00|60|0|4580.000000|4620.000000|4480.000000|4590.000000|514900|20|
425031|2024-12-05 09:42:00|60|0|4580.000000|4580.000000|4470.000000|4540.000000|591900|20|
425032|2024-12-05 09:43:00|60|0|4550.000000|4560.000000|4450.000000|4470.000000|424000|20|
425033|2024-12-05 09:44:00|60|0|4470.000000|4520.000000|4470.000000|4520.000000|207000|20|
425034|2024-12-05 09:45:00|60|0|4510.000000|4530.000000|4500.000000|4510.000000|96800|20|
425035|2024-12-05 09:46:00|60|0|4500.000000|4510.000000|4470.000000|4510.000000|196500|20|
425036|2024-12-05 09:47:00|60|0|4500.000000|4510.000000|4490.000000|4500.000000|39300|20|
425037|2024-12-05 09:48:00|60|0|4500.000000|4530.000000|4500.000000|4530.000000|58200|20|
425038|2024-12-05 09:49:00|60|0|4530.000000|4530.000000|4500.000000|4500.000000|45500|20|
425039|2024-12-05 09:50:00|60|0|4500.000000|4510.000000|4460.000000|4480.000000|101000|20|
425040|2024-12-05 09:51:00|60|0|4490.000000|4490.000000|4460.000000|4460.000000|59300|20|
425041|2024-12-05 09:52:00|60|0|4460.000000|4460.000000|4380.000000|4400.000000|513900|20|
425042|2024-12-05 09:53:00|60|0|4400.000000|4440.000000|4400.000000|4410.000000|237200|20|
425043|2024-12-05 09:54:00|60|0|4410.000000|4410.000000|4180.000000|4240.000000|1116600|20|
425044|2024-12-05 09:55:00|60|0|4240.000000|4290.000000|4130.000000|4260.000000|628200|20|
425045|2024-12-05 09:56:00|60|0|4260.000000|4300.000000|4150.000000|4220.000000|528200|20|
425046|2024-12-05 09:57:00|60|0|4220.000000|4250.000000|4180.000000|4250.000000|791900|20|
425047|2024-12-05 09:58:00|60|0|4250.000000|4330.000000|4250.000000|4310.000000|259300|20|
425048|2024-12-05 09:59:00|60|0|4310.000000|4320.000000|4270.000000|4280.000000|76500|20|
425049|2024-12-05 10:00:00|60|0|4270.000000|4310.000000|4250.000000|4270.000000|170900|20|
425050|2024-12-05 10:01:00|60|0|4270.000000|4290.000000|4260.000000|4290.000000|50900|20|
425051|2024-12-05 10:02:00|60|0|4290.000000|4310.000000|4290.000000|4300.000000|71100|20|
425052|2024-12-05 10:03:00|60|0|4310.000000|4310.000000|4290.000000|4300.000000|24800|20|
425053|2024-12-05 10:04:00|60|0|4300.000000|4310.000000|4290.000000|4290.000000|22900|20|
425054|2024-12-05 10:05:00|60|0|4290.000000|4300.000000|4260.000000|4270.000000|91200|20|
425055|2024-12-05 10:06:00|60|0|4280.000000|4300.000000|4280.000000|4300.000000|28400|20|
425056|2024-12-05 10:07:00|60|0|4300.000000|4300.000000|4290.000000|4300.000000|20100|20|
425057|2024-12-05 10:08:00|60|0|4300.000000|4330.000000|4290.000000|4310.000000|84000|20|
425058|2024-12-05 10:09:00|60|0|4310.000000|4320.000000|4300.000000|4320.000000|43500|20|
425059|2024-12-05 10:10:00|60|0|4320.000000|4330.000000|4300.000000|4310.000000|42800|20|
425060|2024-12-05 10:11:00|60|0|4310.000000|4310.000000|4280.000000|4300.000000|104300|20|
425061|2024-12-05 10:12:00|60|0|4300.000000|4300.000000|4280.000000|4290.000000|20700|20|
425062|2024-12-05 10:13:00|60|0|4290.000000|4290.000000|4260.000000|4280.000000|86900|20|
425063|2024-12-05 10:14:00|60|0|4270.000000|4280.000000|4270.000000|4280.000000|6000|20|
425064|2024-12-05 10:15:00|60|0|4280.000000|4280.000000|4200.000000|4200.000000|280000|20|
425065|2024-12-05 10:16:00|60|0|4200.000000|4220.000000|4150.000000|4210.000000|405100|20|
425066|2024-12-05 10:17:00|60|0|4210.000000|4220.000000|4180.000000|4220.000000|149100|20|
425067|2024-12-05 10:18:00|60|0|4220.000000|4230.000000|4180.000000|4190.000000|167300|20|
425068|2024-12-05 10:19:00|60|0|4190.000000|4190.000000|4180.000000|4180.000000|39300|20|
425069|2024-12-05 10:20:00|60|0|4190.000000|4220.000000|4180.000000|4220.000000|85400|20|
425070|2024-12-05 10:21:00|60|0|4210.000000|4240.000000|4210.000000|4210.000000|75000|20|
425071|2024-12-05 10:22:00|60|0|4220.000000|4230.000000|4210.000000|4210.000000|17500|20|
425072|2024-12-05 10:23:00|60|0|4210.000000|4210.000000|4180.000000|4190.000000|171700|20|
425073|2024-12-05 10:24:00|60|0|4190.000000|4190.000000|4180.000000|4180.000000|23400|20|
425074|2024-12-05 10:25:00|60|0|4180.000000|4210.000000|4180.000000|4210.000000|124000|20|
425075|2024-12-05 10:26:00|60|0|4210.000000|4210.000000|4200.000000|4210.000000|13600|20|
425076|2024-12-05 10:27:00|60|0|4200.000000|4210.000000|4200.000000|4200.000000|12900|20|
425077|2024-12-05 10:28:00|60|0|4200.000000|4220.000000|4200.000000|4220.000000|65300|20|
425078|2024-12-05 10:29:00|60|0|4210.000000|4230.000000|4200.000000|4220.000000|27100|20|
425079|2024-12-05 10:30:00|60|0|4220.000000|4230.000000|4210.000000|4220.000000|17100|20|
425080|2024-12-05 10:31:00|60|0|4220.000000|4250.000000|4220.000000|4240.000000|26400|20|
425081|2024-12-05 10:32:00|60|0|4250.000000|4270.000000|4240.000000|4270.000000|33300|20|
425082|2024-12-05 10:33:00|60|0|4270.000000|4270.000000|4260.000000|4270.000000|47500|20|
425083|2024-12-05 10:34:00|60|0|4270.000000|4270.000000|4250.000000|4260.000000|35000|20|
425084|2024-12-05 10:35:00|60|0|4260.000000|4270.000000|4250.000000|4270.000000|29200|20|
425085|2024-12-05 10:36:00|60|0|4270.000000|4270.000000|4250.000000|4270.000000|41000|20|
425086|2024-12-05 10:37:00|60|0|4260.000000|4260.000000|4230.000000|4250.000000|44500|20|
425087|2024-12-05 10:38:00|60|0|4240.000000|4250.000000|4230.000000|4250.000000|22700|20|
425088|2024-12-05 10:39:00|60|0|4250.000000|4280.000000|4250.000000|4280.000000|45400|20|
425089|2024-12-05 10:40:00|60|0|4270.000000|4280.000000|4250.000000|4270.000000|17800|20|
425090|2024-12-05 10:41:00|60|0|4260.000000|4260.000000|4240.000000|4240.000000|46200|20|
425091|2024-12-05 10:42:00|60|0|4250.000000|4270.000000|4240.000000|4270.000000|16900|20|
425092|2024-12-05 10:43:00|60|0|4270.000000|4280.000000|4270.000000|4270.000000|34000|20|
425093|2024-12-05 10:44:00|60|0|4270.000000|4270.000000|4250.000000|4270.000000|21600|20|
425094|2024-12-05 10:45:00|60|0|4270.000000|4270.000000|4250.000000|4270.000000|20800|20|
425095|2024-12-05 10:46:00|60|0|4250.000000|4280.000000|4250.000000|4250.000000|48200|20|
425096|2024-12-05 10:47:00|60|0|4270.000000|4280.000000|4250.000000|4280.000000|59200|20|
425097|2024-12-05 10:48:00|60|0|4280.000000|4310.000000|4280.000000|4300.000000|62600|20|
425098|2024-12-05 10:49:00|60|0|4310.000000|4310.000000|4300.000000|4310.000000|30900|20|
425099|2024-12-05 10:50:00|60|0|4320.000000|4320.000000|4290.000000|4300.000000|23900|20|
425100|2024-12-05 10:51:00|60|0|4290.000000|4300.000000|4280.000000|4280.000000|12000|20|
425101|2024-12-05 10:52:00|60|0|4280.000000|4290.000000|4270.000000|4290.000000|3000|20|
425102|2024-12-05 10:53:00|60|0|4270.000000|4270.000000|4250.000000|4260.000000|62800|20|
425103|2024-12-05 10:54:00|60|0|4250.000000|4260.000000|4240.000000|4250.000000|33500|20|
425104|2024-12-05 10:55:00|60|0|4250.000000|4250.000000|4210.000000|4220.000000|64100|20|
425105|2024-12-05 10:56:00|60|0|4230.000000|4240.000000|4230.000000|4240.000000|7300|20|
425106|2024-12-05 10:57:00|60|0|4250.000000|4250.000000|4230.000000|4240.000000|12700|20|
425107|2024-12-05 10:58:00|60|0|4240.000000|4250.000000|4240.000000|4250.000000|7100|20|
425108|2024-12-05 10:59:00|60|0|4240.000000|4240.000000|4240.000000|4240.000000|13000|20|
425109|2024-12-05 11:00:00|60|0|4240.000000|4250.000000|4230.000000|4240.000000|30600|20|
425110|2024-12-05 11:01:00|60|0|4230.000000|4250.000000|4230.000000|4250.000000|25800|20|
425111|2024-12-05 11:02:00|60|0|4240.000000|4240.000000|4230.000000|4240.000000|8200|20|
425112|2024-12-05 11:03:00|60|0|4240.000000|4240.000000|4230.000000|4230.000000|4600|20|
425113|2024-12-05 11:04:00|60|0|4230.000000|4240.000000|4230.000000|4240.000000|2700|20|
425114|2024-12-05 11:05:00|60|0|4250.000000|4250.000000|4250.000000|4250.000000|1300|20|
425115|2024-12-05 11:06:00|60|0|4250.000000|4250.000000|4240.000000|4250.000000|28700|20|
425116|2024-12-05 11:07:00|60|0|4250.000000|4260.000000|4250.000000|4250.000000|3300|20|
425117|2024-12-05 11:08:00|60|0|4260.000000|4260.000000|4230.000000|4250.000000|52700|20|
425118|2024-12-05 11:09:00|60|0|4250.000000|4250.000000|4220.000000|4240.000000|24400|20|
425119|2024-12-05 11:10:00|60|0|4230.000000|4240.000000|4230.000000|4240.000000|5000|20|
425120|2024-12-05 11:11:00|60|0|4250.000000|4250.000000|4230.000000|4230.000000|2000|20|
425121|2024-12-05 11:12:00|60|0|4240.000000|4240.000000|4240.000000|4240.000000|5100|20|
425122|2024-12-05 11:13:00|60|0|4250.000000|4280.000000|4250.000000|4260.000000|30200|20|
425123|2024-12-05 11:14:00|60|0|4260.000000|4270.000000|4260.000000|4270.000000|4400|20|
425124|2024-12-05 11:15:00|60|0|4270.000000|4290.000000|4270.000000|4290.000000|20200|20|
425125|2024-12-05 11:16:00|60|0|4300.000000|4310.000000|4290.000000|4300.000000|61700|20|
425126|2024-12-05 11:17:00|60|0|4290.000000|4290.000000|4290.000000|4290.000000|3100|20|
425127|2024-12-05 11:18:00|60|0|4290.000000|4290.000000|4280.000000|4280.000000|16300|20|
425128|2024-12-05 11:19:00|60|0|4270.000000|4270.000000|4260.000000|4260.000000|11600|20|
425129|2024-12-05 11:20:00|60|0|4270.000000|4270.000000|4260.000000|4260.000000|400|20|
425130|2024-12-05 11:21:00|60|0|4260.000000|4270.000000|4260.000000|4270.000000|1400|20|
425131|2024-12-05 11:22:00|60|0|4270.000000|4270.000000|4260.000000|4270.000000|1400|20|
425132|2024-12-05 11:23:00|60|0|4270.000000|4270.000000|4270.000000|4270.000000|5100|20|
425133|2024-12-05 11:24:00|60|0|4260.000000|4280.000000|4260.000000|4280.000000|3000|20|
425134|2024-12-05 11:25:00|60|0|4280.000000|4280.000000|4270.000000|4270.000000|300|20|
425135|2024-12-05 11:26:00|60|0|4270.000000|4270.000000|4270.000000|4270.000000|1600|20|
425136|2024-12-05 11:27:00|60|0|4260.000000|4280.000000|4240.000000|4250.000000|46700|20|
425137|2024-12-05 11:28:00|60|0|4250.000000|4280.000000|4250.000000|4270.000000|8500|20|
425138|2024-12-05 11:29:00|60|0|4270.000000|4280.000000|4270.000000|4280.000000|3600|20|
425139|2024-12-05 11:30:00|60|0|4270.000000|4280.000000|4270.000000|4270.000000|300|20|
425140|2024-12-05 11:31:00|60|0|4270.000000|4280.000000|4270.000000|4280.000000|3000|20|
425141|2024-12-05 11:32:00|60|0|4280.000000|4280.000000|4270.000000|4270.000000|700|20|
425142|2024-12-05 11:33:00|60|0|4270.000000|4270.000000|4270.000000|4270.000000|600|20|
425143|2024-12-05 11:34:00|60|0|4260.000000|4260.000000|4260.000000|4260.000000|13100|20|
425144|2024-12-05 11:35:00|60|0|4250.000000|4250.000000|4250.000000|4250.000000|9000|20|
425145|2024-12-05 11:36:00|60|0|4250.000000|4250.000000|4250.000000|4250.000000|7800|20|
425146|2024-12-05 11:37:00|60|0|4250.000000|4260.000000|4250.000000|4260.000000|1800|20|
425147|2024-12-05 11:38:00|60|0|4270.000000|4270.000000|4260.000000|4260.000000|11500|20|
425148|2024-12-05 11:39:00|60|0|4280.000000|4280.000000|4270.000000|4280.000000|5400|20|
425149|2024-12-05 11:40:00|60|0|4280.000000|4290.000000|4280.000000|4290.000000|400|20|
425150|2024-12-05 11:41:00|60|0|4280.000000|4280.000000|4280.000000|4280.000000|4100|20|
425151|2024-12-05 11:42:00|60|0|4280.000000|4280.000000|4280.000000|4280.000000|7200|20|
425152|2024-12-05 11:43:00|60|0|4290.000000|4290.000000|4280.000000|4280.000000|1200|20|
425153|2024-12-05 11:44:00|60|0|4280.000000|4280.000000|4280.000000|4280.000000|2600|20|
425154|2024-12-05 11:45:00|60|0|4280.000000|4290.000000|4280.000000|4280.000000|101000|20|
425155|2024-12-05 11:46:00|60|0|4280.000000|4280.000000|4270.000000|4270.000000|6800|20|
425156|2024-12-05 11:47:00|60|0|4280.000000|4280.000000|4280.000000|4280.000000|2700|20|
425157|2024-12-05 11:48:00|60|0|4280.000000|4280.000000|4280.000000|4280.000000|400|20|
425158|2024-12-05 11:49:00|60|0|4280.000000|4280.000000|4270.000000|4270.000000|18400|20|
425159|2024-12-05 11:50:00|60|0|4280.000000|4290.000000|4280.000000|4290.000000|300|20|
425160|2024-12-05 11:52:00|120|1|4280.000000|4290.000000|4280.000000|4280.000000|4900|20|
425161|2024-12-05 11:53:00|60|0|4280.000000|4280.000000|4270.000000|4280.000000|12600|20|
425162|2024-12-05 11:54:00|60|0|4270.000000|4270.000000|4270.000000|4270.000000|1500|20|
425163|2024-12-05 11:55:00|60|0|4270.000000|4270.000000|4270.000000|4270.000000|7900|20|BND_LAST_S1_5M_FLAG=1
425164|2024-12-05 11:56:00|60|0|4270.000000|4270.000000|4270.000000|4270.000000|13300|20|BND_LAST_S1_5M_FLAG=1
425165|2024-12-05 11:57:00|60|0|4270.000000|4280.000000|4270.000000|4280.000000|1600|20|BND_LAST_S1_5M_FLAG=1
425166|2024-12-05 11:58:00|60|0|4280.000000|4280.000000|4270.000000|4270.000000|1800|20|BND_LAST_S1_5M_FLAG=1
425167|2024-12-05 11:59:00|60|0|4280.000000|4340.000000|4270.000000|4340.000000|128400|20|BND_LAST_S1_5M_FLAG=1
425168|2024-12-05 13:30:00|5460|1|4340.000000|4400.000000|4270.000000|4400.000000|144500|40|CLK_REGULAR_SESSION1_FLAG=0;CLK_REGULAR_SESSION2_FLAG=1;BND_FIRST_S2_5M_FLAG=1
425169|2024-12-05 13:31:00|60|0|4360.000000|4400.000000|4330.000000|4330.000000|18700|40|CLK_REGULAR_SESSION1_FLAG=0;CLK_REGULAR_SESSION2_FLAG=1;BND_FIRST_S2_5M_FLAG=1
425170|2024-12-05 13:32:00|60|0|4320.000000|4340.000000|4310.000000|4330.000000|17000|40|CLK_REGULAR_SESSION1_FLAG=0;CLK_REGULAR_SESSION2_FLAG=1;BND_FIRST_S2_5M_FLAG=1
425171|2024-12-05 13:33:00|60|0|4330.000000|4390.000000|4330.000000|4380.000000|63100|40|CLK_REGULAR_SESSION1_FLAG=0;CLK_REGULAR_SESSION2_FLAG=1;BND_FIRST_S2_5M_FLAG=1
425172|2024-12-05 13:34:00|60|0|4380.000000|4400.000000|4350.000000|4390.000000|80300|40|CLK_REGULAR_SESSION1_FLAG=0;CLK_REGULAR_SESSION2_FLAG=1;BND_FIRST_S2_5M_FLAG=1
425173|2024-12-05 13:35:00|60|0|4400.000000|4490.000000|4390.000000|4470.000000|265800|40|CLK_REGULAR_SESSION1_FLAG=0;CLK_REGULAR_SESSION2_FLAG=1
425174|2024-12-05 13:36:00|60|0|4470.000000|4520.000000|4460.000000|4490.000000|327500|40|CLK_REGULAR_SESSION1_FLAG=0;CLK_REGULAR_SESSION2_FLAG=1
425175|2024-12-05 13:37:00|60|0|4480.000000|4490.000000|4380.000000|4390.000000|108100|40|CLK_REGULAR_SESSION1_FLAG=0;CLK_REGULAR_SESSION2_FLAG=1
425176|2024-12-05 13:38:00|60|0|4390.000000|4410.000000|4360.000000|4400.000000|85200|40|CLK_REGULAR_SESSION1_FLAG=0;CLK_REGULAR_SESSION2_FLAG=1
425177|2024-12-05 13:39:00|60|0|4400.000000|4410.000000|4350.000000|4350.000000|112600|40|CLK_REGULAR_SESSION1_FLAG=0;CLK_REGULAR_SESSION2_FLAG=1
425178|2024-12-05 13:40:00|60|0|4340.000000|4370.000000|4320.000000|4340.000000|51100|40|CLK_REGULAR_SESSION1_FLAG=0;CLK_REGULAR_SESSION2_FLAG=1
425179|2024-12-05 13:41:00|60|0|4340.000000|4340.000000|4320.000000|4320.000000|41400|40|CLK_REGULAR_SESSION1_FLAG=0;CLK_REGULAR_SESSION2_FLAG=1
425180|2024-12-05 13:42:00|60|0|4340.000000|4340.000000|4300.000000|4300.000000|171700|40|CLK_REGULAR_SESSION1_FLAG=0;CLK_REGULAR_SESSION2_FLAG=1
425181|2024-12-05 13:43:00|60|0|4300.000000|4310.000000|4260.000000|4300.000000|242900|40|CLK_REGULAR_SESSION1_FLAG=0;CLK_REGULAR_SESSION2_FLAG=1
425182|2024-12-05 13:44:00|60|0|4310.000000|4310.000000|4300.000000|4310.000000|32300|40|CLK_REGULAR_SESSION1_FLAG=0;CLK_REGULAR_SESSION2_FLAG=1
425183|2024-12-05 13:45:00|60|0|4310.000000|4330.000000|4310.000000|4320.000000|31700|40|CLK_REGULAR_SESSION1_FLAG=0;CLK_REGULAR_SESSION2_FLAG=1
425184|2024-12-05 13:46:00|60|0|4320.000000|4320.000000|4320.000000|4320.000000|500|40|CLK_REGULAR_SESSION1_FLAG=0;CLK_REGULAR_SESSION2_FLAG=1
425185|2024-12-05 13:47:00|60|0|4320.000000|4320.000000|4300.000000|4310.000000|17500|40|CLK_REGULAR_SESSION1_FLAG=0;CLK_REGULAR_SESSION2_FLAG=1
425186|2024-12-05 13:48:00|60|0|4300.000000|4300.000000|4220.000000|4240.000000|251600|40|CLK_REGULAR_SESSION1_FLAG=0;CLK_REGULAR_SESSION2_FLAG=1
425187|2024-12-05 13:49:00|60|0|4240.000000|4270.000000|4230.000000|4270.000000|31900|40|CLK_REGULAR_SESSION1_FLAG=0;CLK_REGULAR_SESSION2_FLAG=1
425188|2024-12-05 13:50:00|60|0|4270.000000|4270.000000|4260.000000|4270.000000|1800|40|CLK_REGULAR_SESSION1_FLAG=0;CLK_REGULAR_SESSION2_FLAG=1
425189|2024-12-05 13:51:00|60|0|4260.000000|4270.000000|4260.000000|4270.000000|8300|40|CLK_REGULAR_SESSION1_FLAG=0;CLK_REGULAR_SESSION2_FLAG=1
425190|2024-12-05 13:52:00|60|0|4270.000000|4280.000000|4260.000000|4270.000000|20900|40|CLK_REGULAR_SESSION1_FLAG=0;CLK_REGULAR_SESSION2_FLAG=1
425191|2024-12-05 13:53:00|60|0|4280.000000|4280.000000|4270.000000|4280.000000|37000|40|CLK_REGULAR_SESSION1_FLAG=0;CLK_REGULAR_SESSION2_FLAG=1
425192|2024-12-05 13:54:00|60|0|4280.000000|4280.000000|4280.000000|4280.000000|2400|40|CLK_REGULAR_SESSION1_FLAG=0;CLK_REGULAR_SESSION2_FLAG=1
425193|2024-12-05 13:55:00|60|0|4280.000000|4290.000000|4280.000000|4290.000000|2700|40|CLK_REGULAR_SESSION1_FLAG=0;CLK_REGULAR_SESSION2_FLAG=1
425194|2024-12-05 13:56:00|60|0|4280.000000|4290.000000|4280.000000|4290.000000|11800|40|CLK_REGULAR_SESSION1_FLAG=0;CLK_REGULAR_SESSION2_FLAG=1
425195|2024-12-05 13:57:00|60|0|4290.000000|4290.000000|4280.000000|4280.000000|16500|40|CLK_REGULAR_SESSION1_FLAG=0;CLK_REGULAR_SESSION2_FLAG=1
425196|2024-12-05 13:58:00|60|0|4290.000000|4300.000000|4290.000000|4300.000000|1500|40|CLK_REGULAR_SESSION1_FLAG=0;CLK_REGULAR_SESSION2_FLAG=1
425197|2024-12-05 13:59:00|60|0|4300.000000|4310.000000|4300.000000|4310.000000|5100|40|CLK_REGULAR_SESSION1_FLAG=0;CLK_REGULAR_SESSION2_FLAG=1
425198|2024-12-05 14:00:00|60|0|4310.000000|4310.000000|4290.000000|4290.000000|2300|40|CLK_REGULAR_SESSION1_FLAG=0;CLK_REGULAR_SESSION2_FLAG=1
425199|2024-12-05 14:01:00|60|0|4290.000000|4300.000000|4280.000000|4290.000000|33400|40|CLK_REGULAR_SESSION1_FLAG=0;CLK_REGULAR_SESSION2_FLAG=1
425200|2024-12-05 14:02:00|60|0|4290.000000|4290.000000|4290.000000|4290.000000|4800|40|CLK_REGULAR_SESSION1_FLAG=0;CLK_REGULAR_SESSION2_FLAG=1
425201|2024-12-05 14:03:00|60|0|4290.000000|4300.000000|4290.000000|4300.000000|3000|40|CLK_REGULAR_SESSION1_FLAG=0;CLK_REGULAR_SESSION2_FLAG=1
425202|2024-12-05 14:04:00|60|0|4300.000000|4300.000000|4290.000000|4300.000000|2400|40|CLK_REGULAR_SESSION1_FLAG=0;CLK_REGULAR_SESSION2_FLAG=1
425203|2024-12-05 14:05:00|60|0|4290.000000|4290.000000|4290.000000|4290.000000|16900|40|CLK_REGULAR_SESSION1_FLAG=0;CLK_REGULAR_SESSION2_FLAG=1
425204|2024-12-05 14:06:00|60|0|4300.000000|4300.000000|4280.000000|4280.000000|20200|40|CLK_REGULAR_SESSION1_FLAG=0;CLK_REGULAR_SESSION2_FLAG=1
425205|2024-12-05 14:07:00|60|0|4280.000000|4290.000000|4270.000000|4290.000000|11700|40|CLK_REGULAR_SESSION1_FLAG=0;CLK_REGULAR_SESSION2_FLAG=1
425206|2024-12-05 14:08:00|60|0|4280.000000|4290.000000|4280.000000|4280.000000|4500|40|CLK_REGULAR_SESSION1_FLAG=0;CLK_REGULAR_SESSION2_FLAG=1
425207|2024-12-05 14:09:00|60|0|4290.000000|4290.000000|4280.000000|4280.000000|8400|40|CLK_REGULAR_SESSION1_FLAG=0;CLK_REGULAR_SESSION2_FLAG=1
425208|2024-12-05 14:10:00|60|0|4290.000000|4290.000000|4290.000000|4290.000000|1400|40|CLK_REGULAR_SESSION1_FLAG=0;CLK_REGULAR_SESSION2_FLAG=1
425209|2024-12-05 14:11:00|60|0|4290.000000|4290.000000|4280.000000|4290.000000|7200|40|CLK_REGULAR_SESSION1_FLAG=0;CLK_REGULAR_SESSION2_FLAG=1
425210|2024-12-05 14:12:00|60|0|4280.000000|4280.000000|4270.000000|4280.000000|2700|40|CLK_REGULAR_SESSION1_FLAG=0;CLK_REGULAR_SESSION2_FLAG=1
425211|2024-12-05 14:13:00|60|0|4280.000000|4290.000000|4270.000000|4270.000000|16600|40|CLK_REGULAR_SESSION1_FLAG=0;CLK_REGULAR_SESSION2_FLAG=1
425212|2024-12-05 14:14:00|60|0|4280.000000|4280.000000|4280.000000|4280.000000|2400|40|CLK_REGULAR_SESSION1_FLAG=0;CLK_REGULAR_SESSION2_FLAG=1
425213|2024-12-05 14:15:00|60|0|4280.000000|4280.000000|4270.000000|4280.000000|2800|40|CLK_REGULAR_SESSION1_FLAG=0;CLK_REGULAR_SESSION2_FLAG=1
425214|2024-12-05 14:16:00|60|0|4280.000000|4280.000000|4260.000000|4260.000000|18100|40|CLK_REGULAR_SESSION1_FLAG=0;CLK_REGULAR_SESSION2_FLAG=1
425215|2024-12-05 14:17:00|60|0|4270.000000|4270.000000|4260.000000|4260.000000|19400|40|CLK_REGULAR_SESSION1_FLAG=0;CLK_REGULAR_SESSION2_FLAG=1
425216|2024-12-05 14:18:00|60|0|4260.000000|4270.000000|4250.000000|4250.000000|19500|40|CLK_REGULAR_SESSION1_FLAG=0;CLK_REGULAR_SESSION2_FLAG=1
425217|2024-12-05 14:19:00|60|0|4260.000000|4270.000000|4230.000000|4250.000000|208000|40|CLK_REGULAR_SESSION1_FLAG=0;CLK_REGULAR_SESSION2_FLAG=1
425218|2024-12-05 14:20:00|60|0|4240.000000|4270.000000|4240.000000|4270.000000|17900|40|CLK_REGULAR_SESSION1_FLAG=0;CLK_REGULAR_SESSION2_FLAG=1
425219|2024-12-05 14:21:00|60|0|4270.000000|4290.000000|4260.000000|4290.000000|10000|40|CLK_REGULAR_SESSION1_FLAG=0;CLK_REGULAR_SESSION2_FLAG=1
425220|2024-12-05 14:22:00|60|0|4290.000000|4290.000000|4280.000000|4280.000000|4600|40|CLK_REGULAR_SESSION1_FLAG=0;CLK_REGULAR_SESSION2_FLAG=1
425221|2024-12-05 14:23:00|60|0|4290.000000|4300.000000|4290.000000|4290.000000|8900|40|CLK_REGULAR_SESSION1_FLAG=0;CLK_REGULAR_SESSION2_FLAG=1
425222|2024-12-05 14:24:00|60|0|4290.000000|4300.000000|4290.000000|4300.000000|23100|40|CLK_REGULAR_SESSION1_FLAG=0;CLK_REGULAR_SESSION2_FLAG=1
425223|2024-12-05 14:25:00|60|0|4290.000000|4290.000000|4280.000000|4290.000000|56000|40|CLK_REGULAR_SESSION1_FLAG=0;CLK_REGULAR_SESSION2_FLAG=1
425224|2024-12-05 14:26:00|60|0|4290.000000|4290.000000|4290.000000|4290.000000|3100|40|CLK_REGULAR_SESSION1_FLAG=0;CLK_REGULAR_SESSION2_FLAG=1
425225|2024-12-05 14:27:00|60|0|4290.000000|4290.000000|4290.000000|4290.000000|3300|40|CLK_REGULAR_SESSION1_FLAG=0;CLK_REGULAR_SESSION2_FLAG=1
425226|2024-12-05 14:28:00|60|0|4290.000000|4300.000000|4290.000000|4290.000000|2100|40|CLK_REGULAR_SESSION1_FLAG=0;CLK_REGULAR_SESSION2_FLAG=1
425227|2024-12-05 14:29:00|60|0|4290.000000|4290.000000|4270.000000|4270.000000|102100|40|CLK_REGULAR_SESSION1_FLAG=0;CLK_REGULAR_SESSION2_FLAG=1
425228|2024-12-05 14:30:00|60|0|4280.000000|4280.000000|4280.000000|4280.000000|3700|40|CLK_REGULAR_SESSION1_FLAG=0;CLK_REGULAR_SESSION2_FLAG=1
425229|2024-12-05 14:31:00|60|0|4280.000000|4280.000000|4280.000000|4280.000000|2600|40|CLK_REGULAR_SESSION1_FLAG=0;CLK_REGULAR_SESSION2_FLAG=1
425230|2024-12-05 14:32:00|60|0|4280.000000|4280.000000|4270.000000|4270.000000|700|40|CLK_REGULAR_SESSION1_FLAG=0;CLK_REGULAR_SESSION2_FLAG=1
425231|2024-12-05 14:33:00|60|0|4280.000000|4280.000000|4270.000000|4280.000000|4800|40|CLK_REGULAR_SESSION1_FLAG=0;CLK_REGULAR_SESSION2_FLAG=1
425232|2024-12-05 14:34:00|60|0|4270.000000|4280.000000|4270.000000|4280.000000|1400|40|CLK_REGULAR_SESSION1_FLAG=0;CLK_REGULAR_SESSION2_FLAG=1
425233|2024-12-05 14:35:00|60|0|4280.000000|4280.000000|4270.000000|4280.000000|23000|40|CLK_REGULAR_SESSION1_FLAG=0;CLK_REGULAR_SESSION2_FLAG=1
425234|2024-12-05 14:36:00|60|0|4280.000000|4280.000000|4270.000000|4270.000000|19000|40|CLK_REGULAR_SESSION1_FLAG=0;CLK_REGULAR_SESSION2_FLAG=1
425235|2024-12-05 14:37:00|60|0|4280.000000|4280.000000|4270.000000|4270.000000|8500|40|CLK_REGULAR_SESSION1_FLAG=0;CLK_REGULAR_SESSION2_FLAG=1
425236|2024-12-05 14:38:00|60|0|4270.000000|4280.000000|4270.000000|4280.000000|4000|40|CLK_REGULAR_SESSION1_FLAG=0;CLK_REGULAR_SESSION2_FLAG=1
425237|2024-12-05 14:39:00|60|0|4280.000000|4280.000000|4270.000000|4270.000000|700|40|CLK_REGULAR_SESSION1_FLAG=0;CLK_REGULAR_SESSION2_FLAG=1
425238|2024-12-05 14:40:00|60|0|4270.000000|4270.000000|4270.000000|4270.000000|27500|40|CLK_REGULAR_SESSION1_FLAG=0;CLK_REGULAR_SESSION2_FLAG=1
425239|2024-12-05 14:41:00|60|0|4280.000000|4280.000000|4270.000000|4270.000000|2400|40|CLK_REGULAR_SESSION1_FLAG=0;CLK_REGULAR_SESSION2_FLAG=1
425240|2024-12-05 14:42:00|60|0|4270.000000|4280.000000|4270.000000|4280.000000|4500|40|CLK_REGULAR_SESSION1_FLAG=0;CLK_REGULAR_SESSION2_FLAG=1
425241|2024-12-05 14:43:00|60|0|4280.000000|4280.000000|4270.000000|4270.000000|1500|40|CLK_REGULAR_SESSION1_FLAG=0;CLK_REGULAR_SESSION2_FLAG=1
425242|2024-12-05 14:44:00|60|0|4280.000000|4280.000000|4260.000000|4270.000000|27800|40|CLK_REGULAR_SESSION1_FLAG=0;CLK_REGULAR_SESSION2_FLAG=1
425243|2024-12-05 14:45:00|60|0|4260.000000|4270.000000|4260.000000|4260.000000|24300|40|CLK_REGULAR_SESSION1_FLAG=0;CLK_REGULAR_SESSION2_FLAG=1
425244|2024-12-05 14:46:00|60|0|4250.000000|4260.000000|4250.000000|4250.000000|3200|40|CLK_REGULAR_SESSION1_FLAG=0;CLK_REGULAR_SESSION2_FLAG=1
425245|2024-12-05 14:47:00|60|0|4250.000000|4260.000000|4250.000000|4250.000000|13700|40|CLK_REGULAR_SESSION1_FLAG=0;CLK_REGULAR_SESSION2_FLAG=1
425246|2024-12-05 14:48:00|60|0|4250.000000|4250.000000|4240.000000|4250.000000|11000|40|CLK_REGULAR_SESSION1_FLAG=0;CLK_REGULAR_SESSION2_FLAG=1
425247|2024-12-05 14:49:00|60|0|4250.000000|4250.000000|4240.000000|4250.000000|30200|40|CLK_REGULAR_SESSION1_FLAG=0;CLK_REGULAR_SESSION2_FLAG=1
425248|2024-12-05 14:50:00|60|0|4250.000000|4260.000000|4250.000000|4260.000000|3200|40|CLK_REGULAR_SESSION1_FLAG=0;CLK_REGULAR_SESSION2_FLAG=1
425249|2024-12-05 14:51:00|60|0|4260.000000|4260.000000|4260.000000|4260.000000|300|40|CLK_REGULAR_SESSION1_FLAG=0;CLK_REGULAR_SESSION2_FLAG=1
425250|2024-12-05 14:52:00|60|0|4260.000000|4270.000000|4260.000000|4270.000000|3100|40|CLK_REGULAR_SESSION1_FLAG=0;CLK_REGULAR_SESSION2_FLAG=1
425251|2024-12-05 14:53:00|60|0|4260.000000|4260.000000|4260.000000|4260.000000|1200|40|CLK_REGULAR_SESSION1_FLAG=0;CLK_REGULAR_SESSION2_FLAG=1
425252|2024-12-05 14:54:00|60|0|4260.000000|4260.000000|4250.000000|4250.000000|11800|40|CLK_REGULAR_SESSION1_FLAG=0;CLK_REGULAR_SESSION2_FLAG=1
425253|2024-12-05 14:55:00|60|0|4260.000000|4270.000000|4250.000000|4270.000000|9100|40|CLK_REGULAR_SESSION1_FLAG=0;CLK_REGULAR_SESSION2_FLAG=1
425254|2024-12-05 14:56:00|60|0|4270.000000|4270.000000|4260.000000|4260.000000|7600|40|CLK_REGULAR_SESSION1_FLAG=0;CLK_REGULAR_SESSION2_FLAG=1
425255|2024-12-05 14:57:00|60|0|4270.000000|4270.000000|4270.000000|4270.000000|2900|40|CLK_REGULAR_SESSION1_FLAG=0;CLK_REGULAR_SESSION2_FLAG=1
425256|2024-12-05 14:58:00|60|0|4270.000000|4280.000000|4260.000000|4260.000000|17800|40|CLK_REGULAR_SESSION1_FLAG=0;CLK_REGULAR_SESSION2_FLAG=1
425257|2024-12-05 14:59:00|60|0|4270.000000|4270.000000|4270.000000|4270.000000|2200|40|CLK_REGULAR_SESSION1_FLAG=0;CLK_REGULAR_SESSION2_FLAG=1
425258|2024-12-05 15:00:00|60|0|4270.000000|4270.000000|4270.000000|4270.000000|2000|40|CLK_REGULAR_SESSION1_FLAG=0;CLK_REGULAR_SESSION2_FLAG=1
425259|2024-12-05 15:01:00|60|0|4280.000000|4280.000000|4270.000000|4270.000000|10900|40|CLK_REGULAR_SESSION1_FLAG=0;CLK_REGULAR_SESSION2_FLAG=1
425260|2024-12-05 15:02:00|60|0|4280.000000|4290.000000|4270.000000|4270.000000|1000|40|CLK_REGULAR_SESSION1_FLAG=0;CLK_REGULAR_SESSION2_FLAG=1
425261|2024-12-05 15:03:00|60|0|4290.000000|4320.000000|4290.000000|4320.000000|30900|40|CLK_REGULAR_SESSION1_FLAG=0;CLK_REGULAR_SESSION2_FLAG=1
425262|2024-12-05 15:04:00|60|0|4320.000000|4320.000000|4310.000000|4310.000000|9500|40|CLK_REGULAR_SESSION1_FLAG=0;CLK_REGULAR_SESSION2_FLAG=1
425263|2024-12-05 15:05:00|60|0|4310.000000|4320.000000|4300.000000|4310.000000|5400|40|CLK_REGULAR_SESSION1_FLAG=0;CLK_REGULAR_SESSION2_FLAG=1
425264|2024-12-05 15:06:00|60|0|4310.000000|4320.000000|4310.000000|4320.000000|17000|40|CLK_REGULAR_SESSION1_FLAG=0;CLK_REGULAR_SESSION2_FLAG=1
425265|2024-12-05 15:07:00|60|0|4320.000000|4320.000000|4310.000000|4310.000000|12400|40|CLK_REGULAR_SESSION1_FLAG=0;CLK_REGULAR_SESSION2_FLAG=1
425266|2024-12-05 15:08:00|60|0|4320.000000|4340.000000|4310.000000|4330.000000|50000|40|CLK_REGULAR_SESSION1_FLAG=0;CLK_REGULAR_SESSION2_FLAG=1
425267|2024-12-05 15:09:00|60|0|4320.000000|4330.000000|4320.000000|4330.000000|17900|40|CLK_REGULAR_SESSION1_FLAG=0;CLK_REGULAR_SESSION2_FLAG=1
425268|2024-12-05 15:10:00|60|0|4330.000000|4360.000000|4320.000000|4360.000000|68500|40|CLK_REGULAR_SESSION1_FLAG=0;CLK_REGULAR_SESSION2_FLAG=1
425269|2024-12-05 15:11:00|60|0|4360.000000|4380.000000|4360.000000|4370.000000|84500|40|CLK_REGULAR_SESSION1_FLAG=0;CLK_REGULAR_SESSION2_FLAG=1
425270|2024-12-05 15:12:00|60|0|4380.000000|4380.000000|4370.000000|4370.000000|34300|40|CLK_REGULAR_SESSION1_FLAG=0;CLK_REGULAR_SESSION2_FLAG=1
425271|2024-12-05 15:13:00|60|0|4370.000000|4370.000000|4350.000000|4350.000000|58400|40|CLK_REGULAR_SESSION1_FLAG=0;CLK_REGULAR_SESSION2_FLAG=1
425272|2024-12-05 15:14:00|60|0|4360.000000|4360.000000|4320.000000|4320.000000|45700|40|CLK_REGULAR_SESSION1_FLAG=0;CLK_REGULAR_SESSION2_FLAG=1
425273|2024-12-05 15:15:00|60|0|4330.000000|4330.000000|4320.000000|4330.000000|8200|40|CLK_REGULAR_SESSION1_FLAG=0;CLK_REGULAR_SESSION2_FLAG=1
425274|2024-12-05 15:16:00|60|0|4330.000000|4340.000000|4330.000000|4340.000000|6800|40|CLK_REGULAR_SESSION1_FLAG=0;CLK_REGULAR_SESSION2_FLAG=1
425275|2024-12-05 15:17:00|60|0|4350.000000|4350.000000|4330.000000|4340.000000|14200|40|CLK_REGULAR_SESSION1_FLAG=0;CLK_REGULAR_SESSION2_FLAG=1
425276|2024-12-05 15:18:00|60|0|4340.000000|4350.000000|4340.000000|4340.000000|9600|40|CLK_REGULAR_SESSION1_FLAG=0;CLK_REGULAR_SESSION2_FLAG=1
425277|2024-12-05 15:19:00|60|0|4340.000000|4340.000000|4340.000000|4340.000000|7100|40|CLK_REGULAR_SESSION1_FLAG=0;CLK_REGULAR_SESSION2_FLAG=1
425278|2024-12-05 15:20:00|60|0|4340.000000|4340.000000|4340.000000|4340.000000|4200|40|CLK_REGULAR_SESSION1_FLAG=0;CLK_REGULAR_SESSION2_FLAG=1
425279|2024-12-05 15:21:00|60|0|4330.000000|4330.000000|4280.000000|4300.000000|70900|40|CLK_REGULAR_SESSION1_FLAG=0;CLK_REGULAR_SESSION2_FLAG=1
425280|2024-12-05 15:22:00|60|0|4300.000000|4300.000000|4280.000000|4290.000000|6100|40|CLK_REGULAR_SESSION1_FLAG=0;CLK_REGULAR_SESSION2_FLAG=1
425281|2024-12-05 15:23:00|60|0|4290.000000|4290.000000|4280.000000|4290.000000|56500|40|CLK_REGULAR_SESSION1_FLAG=0;CLK_REGULAR_SESSION2_FLAG=1
425282|2024-12-05 15:24:00|60|0|4310.000000|4310.000000|4310.000000|4310.000000|6200|40|CLK_REGULAR_SESSION1_FLAG=0;CLK_REGULAR_SESSION2_FLAG=1
425283|2024-12-05 15:25:00|60|0|4310.000000|4350.000000|4310.000000|4340.000000|23900|40|CLK_REGULAR_SESSION1_FLAG=0;CLK_REGULAR_SESSION2_FLAG=1
425284|2024-12-05 15:26:00|60|0|4340.000000|4350.000000|4340.000000|4350.000000|38400|40|CLK_REGULAR_SESSION1_FLAG=0;CLK_REGULAR_SESSION2_FLAG=1
425285|2024-12-05 15:27:00|60|0|4350.000000|4360.000000|4350.000000|4350.000000|17000|40|CLK_REGULAR_SESSION1_FLAG=0;CLK_REGULAR_SESSION2_FLAG=1
425286|2024-12-05 15:28:00|60|0|4350.000000|4350.000000|4330.000000|4330.000000|27400|40|CLK_REGULAR_SESSION1_FLAG=0;CLK_REGULAR_SESSION2_FLAG=1
425287|2024-12-05 15:29:00|60|0|4330.000000|4340.000000|4310.000000|4320.000000|25300|40|CLK_REGULAR_SESSION1_FLAG=0;CLK_REGULAR_SESSION2_FLAG=1
425288|2024-12-05 15:30:00|60|0|4320.000000|4330.000000|4320.000000|4330.000000|16500|40|CLK_REGULAR_SESSION1_FLAG=0;CLK_REGULAR_SESSION2_FLAG=1
425289|2024-12-05 15:31:00|60|0|4330.000000|4330.000000|4330.000000|4330.000000|1700|40|CLK_REGULAR_SESSION1_FLAG=0;CLK_REGULAR_SESSION2_FLAG=1
425290|2024-12-05 15:32:00|60|0|4320.000000|4330.000000|4310.000000|4310.000000|28200|40|CLK_REGULAR_SESSION1_FLAG=0;CLK_REGULAR_SESSION2_FLAG=1
425291|2024-12-05 15:33:00|60|0|4320.000000|4320.000000|4310.000000|4310.000000|4800|40|CLK_REGULAR_SESSION1_FLAG=0;CLK_REGULAR_SESSION2_FLAG=1
425292|2024-12-05 15:34:00|60|0|4310.000000|4320.000000|4300.000000|4310.000000|26900|40|CLK_REGULAR_SESSION1_FLAG=0;CLK_REGULAR_SESSION2_FLAG=1
425293|2024-12-05 15:35:00|60|0|4310.000000|4310.000000|4300.000000|4300.000000|39500|40|CLK_REGULAR_SESSION1_FLAG=0;CLK_REGULAR_SESSION2_FLAG=1
425294|2024-12-05 15:36:00|60|0|4300.000000|4300.000000|4290.000000|4300.000000|10800|40|CLK_REGULAR_SESSION1_FLAG=0;CLK_REGULAR_SESSION2_FLAG=1
425295|2024-12-05 15:37:00|60|0|4290.000000|4300.000000|4290.000000|4300.000000|30800|40|CLK_REGULAR_SESSION1_FLAG=0;CLK_REGULAR_SESSION2_FLAG=1
425296|2024-12-05 15:38:00|60|0|4310.000000|4310.000000|4300.000000|4300.000000|4900|40|CLK_REGULAR_SESSION1_FLAG=0;CLK_REGULAR_SESSION2_FLAG=1
425297|2024-12-05 15:39:00|60|0|4300.000000|4300.000000|4290.000000|4290.000000|11900|40|CLK_REGULAR_SESSION1_FLAG=0;CLK_REGULAR_SESSION2_FLAG=1
425298|2024-12-05 15:40:00|60|0|4290.000000|4300.000000|4280.000000|4290.000000|54300|40|CLK_REGULAR_SESSION1_FLAG=0;CLK_REGULAR_SESSION2_FLAG=1
425299|2024-12-05 15:41:00|60|0|4290.000000|4290.000000|4290.000000|4290.000000|7600|40|CLK_REGULAR_SESSION1_FLAG=0;CLK_REGULAR_SESSION2_FLAG=1
425300|2024-12-05 15:42:00|60|0|4290.000000|4290.000000|4270.000000|4280.000000|33100|40|CLK_REGULAR_SESSION1_FLAG=0;CLK_REGULAR_SESSION2_FLAG=1
425301|2024-12-05 15:43:00|60|0|4290.000000|4300.000000|4280.000000|4280.000000|9400|40|CLK_REGULAR_SESSION1_FLAG=0;CLK_REGULAR_SESSION2_FLAG=1
425302|2024-12-05 15:44:00|60|0|4300.000000|4300.000000|4290.000000|4290.000000|7000|40|CLK_REGULAR_SESSION1_FLAG=0;CLK_REGULAR_SESSION2_FLAG=1
425303|2024-12-05 15:45:00|60|0|4290.000000|4290.000000|4280.000000|4290.000000|11900|40|CLK_REGULAR_SESSION1_FLAG=0;CLK_REGULAR_SESSION2_FLAG=1;BND_LAST_REGULAR_5M_FLAG=1
425304|2024-12-05 15:46:00|60|0|4290.000000|4290.000000|4280.000000|4280.000000|15600|40|CLK_REGULAR_SESSION1_FLAG=0;CLK_REGULAR_SESSION2_FLAG=1;BND_LAST_REGULAR_5M_FLAG=1
425305|2024-12-05 15:47:00|60|0|4280.000000|4280.000000|4270.000000|4270.000000|31400|40|CLK_REGULAR_SESSION1_FLAG=0;CLK_REGULAR_SESSION2_FLAG=1;BND_LAST_REGULAR_5M_FLAG=1
425306|2024-12-05 15:48:00|60|0|4270.000000|4270.000000|4260.000000|4260.000000|41200|40|CLK_REGULAR_SESSION1_FLAG=0;CLK_REGULAR_SESSION2_FLAG=1;BND_LAST_REGULAR_5M_FLAG=1
425307|2024-12-05 15:49:00|60|0|4260.000000|4340.000000|4260.000000|4340.000000|125100|40|CLK_REGULAR_SESSION1_FLAG=0;CLK_REGULAR_SESSION2_FLAG=1;BND_LAST_REGULAR_5M_FLAG=1
425308|2024-12-05 16:00:00|660|1|4340.000000|4340.000000|4340.000000|4340.000000|340300|51|CLK_REGULAR_SESSION1_FLAG=0
425309|2024-12-05 16:01:00|60|0|4340.000000|4340.000000|4340.000000|4340.000000|27300|51|CLK_REGULAR_SESSION1_FLAG=0
425310|2024-12-05 16:02:00|60|0|4340.000000|4340.000000|4340.000000|4340.000000|6200|60|CLK_REGULAR_SESSION1_FLAG=0;CLK_POSTCLOSE_FLAG=1
425311|2024-12-05 16:03:00|60|0|4340.000000|4340.000000|4340.000000|4340.000000|1600|60|CLK_REGULAR_SESSION1_FLAG=0;CLK_POSTCLOSE_FLAG=1
425312|2024-12-05 16:04:00|60|0|4340.000000|4340.000000|4340.000000|4340.000000|102900|60|CLK_REGULAR_SESSION1_FLAG=0;CLK_POSTCLOSE_FLAG=1
425313|2024-12-05 16:05:00|60|0|4340.000000|4340.000000|4340.000000|4340.000000|1700|60|CLK_REGULAR_SESSION1_FLAG=0;CLK_POSTCLOSE_FLAG=1
425314|2024-12-05 16:06:00|60|0|4340.000000|4340.000000|4340.000000|4340.000000|1300|60|CLK_REGULAR_SESSION1_FLAG=0;CLK_POSTCLOSE_FLAG=1
425315|2024-12-05 16:07:00|60|0|4340.000000|4340.000000|4340.000000|4340.000000|900|60|CLK_REGULAR_SESSION1_FLAG=0;CLK_POSTCLOSE_FLAG=1
425316|2024-12-05 16:08:00|60|0|4340.000000|4340.000000|4340.000000|4340.000000|300|60|CLK_REGULAR_SESSION1_FLAG=0;CLK_POSTCLOSE_FLAG=1
425317|2024-12-05 16:09:00|60|0|4340.000000|4340.000000|4340.000000|4340.000000|1100|60|CLK_REGULAR_SESSION1_FLAG=0;CLK_POSTCLOSE_FLAG=1
425318|2024-12-05 16:11:00|120|1|4340.000000|4340.000000|4340.000000|4340.000000|100|60|CLK_REGULAR_SESSION1_FLAG=0;CLK_POSTCLOSE_FLAG=1
425319|2024-12-05 16:12:00|60|0|4340.000000|4340.000000|4340.000000|4340.000000|4300|60|CLK_REGULAR_SESSION1_FLAG=0;CLK_POSTCLOSE_FLAG=1
425320|2024-12-05 16:14:00|120|1|4340.000000|4340.000000|4340.000000|4340.000000|400|60|CLK_REGULAR_SESSION1_FLAG=0;CLK_POSTCLOSE_FLAG=1
