#A1_LOSSLESS_AI_TRANSPORT_V2
ticker=DEWA
trading_date=2024-12-05
actual_rows=329
source_row_first=434805
source_row_last=435133
compact_rows_sha256=b0b0038afec39d11a0b178c7ab83fe907b711c5965c90ce06144c8b35e5a5c3e
core_fields=source_row,RAW_DATETIME_ISO,OBS_DELTA_PREV_SEC_SAME_DATE,OBS_GAP_GT_BASE_INTERVAL_FLAG,RAW_OPEN,RAW_HIGH,RAW_LOW,RAW_CLOSE,RAW_VOLUME,IDX_REGULAR_CLOCK_SESSION_CODE
defaults_json={"RAW_TICKER":"DEWA","RAW_INTERVAL_SEC":"60","OBS_DUP_OR_OUT_OF_ORDER_TIME_FLAG":"0","DATE_CHANGE_FROM_PREV_FLAG":"0","DATE_FIRST_OBS_IN_RANGE_FLAG":"0","ANALYSIS_RANGE_LAST_OBS_FLAG":"0","CLK_PREOPEN_INPUT_FLAG":"0","CLK_REGULAR_SESSION1_FLAG":"1","CLK_OFFICIAL_MIDDAY_BREAK_FLAG":"0","CLK_REGULAR_SESSION2_FLAG":"0","CLK_PRECLOSE_INPUT_FLAG":"0","CLK_POSTCLOSE_FLAG":"0","BND_PRE_REG_OPEN_5M_FLAG":"0","BND_FIRST_S1_5M_FLAG":"0","BND_LAST_S1_5M_FLAG":"0","BND_PRE_S2_5M_FLAG":"0","BND_FIRST_S2_5M_FLAG":"0","BND_LAST_REGULAR_5M_FLAG":"0","BND_FIRST_PRECLOSE_5M_FLAG":"0","RAW_AUX1_SEMANTIC_PROVEN_CODE":"-1","RAW_AUX2_FRESH_SEMANTIC_PROVEN_CODE":"-1","RAW_OPENINT_FRESH_SEMANTIC_PROVEN_CODE":"-1"}
#ROW_FORMAT core values separated by | ; final field contains non-core exceptions as name=value pairs separated by ; ; blank means defaults
434805|2024-12-05 09:00:00||0|118.000000|118.000000|115.000000|116.000000|17967300|20|DATE_CHANGE_FROM_PREV_FLAG=1;DATE_FIRST_OBS_IN_RANGE_FLAG=1;BND_FIRST_S1_5M_FLAG=1
434806|2024-12-05 09:01:00|60|0|116.000000|117.000000|115.000000|117.000000|6098000|20|BND_FIRST_S1_5M_FLAG=1
434807|2024-12-05 09:02:00|60|0|117.000000|117.000000|116.000000|117.000000|4136200|20|BND_FIRST_S1_5M_FLAG=1
434808|2024-12-05 09:03:00|60|0|117.000000|117.000000|116.000000|117.000000|12276000|20|BND_FIRST_S1_5M_FLAG=1
434809|2024-12-05 09:04:00|60|0|116.000000|117.000000|115.000000|116.000000|13385900|20|BND_FIRST_S1_5M_FLAG=1
434810|2024-12-05 09:05:00|60|0|115.000000|116.000000|113.000000|114.000000|17544800|20|
434811|2024-12-05 09:06:00|60|0|114.000000|115.000000|114.000000|114.000000|1737400|20|
434812|2024-12-05 09:07:00|60|0|115.000000|115.000000|113.000000|114.000000|15884300|20|
434813|2024-12-05 09:08:00|60|0|114.000000|115.000000|114.000000|114.000000|2451000|20|
434814|2024-12-05 09:09:00|60|0|114.000000|115.000000|114.000000|114.000000|548700|20|
434815|2024-12-05 09:10:00|60|0|114.000000|115.000000|114.000000|115.000000|5049000|20|
434816|2024-12-05 09:11:00|60|0|115.000000|116.000000|115.000000|116.000000|598500|20|
434817|2024-12-05 09:12:00|60|0|115.000000|116.000000|114.000000|115.000000|3567300|20|
434818|2024-12-05 09:13:00|60|0|114.000000|115.000000|114.000000|114.000000|743600|20|
434819|2024-12-05 09:14:00|60|0|115.000000|115.000000|113.000000|114.000000|6316600|20|
434820|2024-12-05 09:15:00|60|0|114.000000|114.000000|114.000000|114.000000|627000|20|
434821|2024-12-05 09:16:00|60|0|114.000000|114.000000|114.000000|114.000000|691000|20|
434822|2024-12-05 09:17:00|60|0|115.000000|115.000000|114.000000|115.000000|1185000|20|
434823|2024-12-05 09:18:00|60|0|115.000000|115.000000|114.000000|114.000000|270200|20|
434824|2024-12-05 09:19:00|60|0|114.000000|115.000000|114.000000|114.000000|558300|20|
434825|2024-12-05 09:20:00|60|0|114.000000|115.000000|114.000000|115.000000|407600|20|
434826|2024-12-05 09:21:00|60|0|114.000000|115.000000|114.000000|114.000000|106700|20|
434827|2024-12-05 09:22:00|60|0|114.000000|115.000000|114.000000|114.000000|2800|20|
434828|2024-12-05 09:23:00|60|0|114.000000|114.000000|114.000000|114.000000|335000|20|
434829|2024-12-05 09:24:00|60|0|114.000000|115.000000|114.000000|115.000000|284800|20|
434830|2024-12-05 09:25:00|60|0|114.000000|115.000000|114.000000|114.000000|1298700|20|
434831|2024-12-05 09:26:00|60|0|114.000000|114.000000|114.000000|114.000000|56500|20|
434832|2024-12-05 09:27:00|60|0|114.000000|114.000000|114.000000|114.000000|71900|20|
434833|2024-12-05 09:28:00|60|0|114.000000|115.000000|114.000000|114.000000|125500|20|
434834|2024-12-05 09:29:00|60|0|115.000000|115.000000|114.000000|114.000000|14100|20|
434835|2024-12-05 09:30:00|60|0|115.000000|115.000000|114.000000|115.000000|285600|20|
434836|2024-12-05 09:31:00|60|0|115.000000|115.000000|114.000000|114.000000|28300|20|
434837|2024-12-05 09:32:00|60|0|114.000000|115.000000|114.000000|114.000000|115300|20|
434838|2024-12-05 09:33:00|60|0|114.000000|115.000000|114.000000|114.000000|208700|20|
434839|2024-12-05 09:34:00|60|0|114.000000|115.000000|114.000000|115.000000|50500|20|
434840|2024-12-05 09:35:00|60|0|114.000000|115.000000|114.000000|115.000000|55500|20|
434841|2024-12-05 09:36:00|60|0|115.000000|115.000000|114.000000|115.000000|157100|20|
434842|2024-12-05 09:37:00|60|0|115.000000|115.000000|115.000000|115.000000|18300|20|
434843|2024-12-05 09:38:00|60|0|115.000000|115.000000|114.000000|115.000000|1180300|20|
434844|2024-12-05 09:39:00|60|0|115.000000|115.000000|114.000000|115.000000|415000|20|
434845|2024-12-05 09:40:00|60|0|115.000000|116.000000|115.000000|115.000000|4237500|20|
434846|2024-12-05 09:41:00|60|0|115.000000|115.000000|115.000000|115.000000|307500|20|
434847|2024-12-05 09:42:00|60|0|115.000000|115.000000|115.000000|115.000000|96500|20|
434848|2024-12-05 09:43:00|60|0|115.000000|115.000000|114.000000|114.000000|78900|20|
434849|2024-12-05 09:44:00|60|0|114.000000|115.000000|114.000000|115.000000|432600|20|
434850|2024-12-05 09:45:00|60|0|115.000000|115.000000|114.000000|115.000000|68500|20|
434851|2024-12-05 09:46:00|60|0|115.000000|115.000000|114.000000|115.000000|341700|20|
434852|2024-12-05 09:47:00|60|0|115.000000|115.000000|115.000000|115.000000|457800|20|
434853|2024-12-05 09:48:00|60|0|115.000000|115.000000|114.000000|115.000000|108500|20|
434854|2024-12-05 09:49:00|60|0|114.000000|115.000000|114.000000|114.000000|72800|20|
434855|2024-12-05 09:50:00|60|0|115.000000|115.000000|114.000000|115.000000|150300|20|
434856|2024-12-05 09:51:00|60|0|114.000000|115.000000|114.000000|115.000000|13400|20|
434857|2024-12-05 09:52:00|60|0|115.000000|115.000000|114.000000|114.000000|1141700|20|
434858|2024-12-05 09:53:00|60|0|114.000000|115.000000|114.000000|115.000000|238400|20|
434859|2024-12-05 09:54:00|60|0|114.000000|115.000000|114.000000|115.000000|3783400|20|
434860|2024-12-05 09:55:00|60|0|116.000000|116.000000|115.000000|115.000000|676800|20|
434861|2024-12-05 09:56:00|60|0|116.000000|116.000000|115.000000|116.000000|57400|20|
434862|2024-12-05 09:57:00|60|0|116.000000|116.000000|116.000000|116.000000|100|20|
434863|2024-12-05 09:58:00|60|0|115.000000|116.000000|115.000000|116.000000|151800|20|
434864|2024-12-05 09:59:00|60|0|116.000000|116.000000|115.000000|116.000000|90000|20|
434865|2024-12-05 10:00:00|60|0|115.000000|116.000000|115.000000|116.000000|59300|20|
434866|2024-12-05 10:01:00|60|0|116.000000|116.000000|116.000000|116.000000|212900|20|
434867|2024-12-05 10:02:00|60|0|116.000000|116.000000|116.000000|116.000000|18500|20|
434868|2024-12-05 10:03:00|60|0|116.000000|117.000000|116.000000|117.000000|7336600|20|
434869|2024-12-05 10:04:00|60|0|116.000000|117.000000|116.000000|117.000000|447400|20|
434870|2024-12-05 10:05:00|60|0|116.000000|117.000000|116.000000|116.000000|5449800|20|
434871|2024-12-05 10:06:00|60|0|116.000000|117.000000|116.000000|116.000000|2083400|20|
434872|2024-12-05 10:07:00|60|0|116.000000|117.000000|116.000000|116.000000|1608400|20|
434873|2024-12-05 10:08:00|60|0|116.000000|117.000000|116.000000|116.000000|2370400|20|
434874|2024-12-05 10:09:00|60|0|116.000000|117.000000|116.000000|116.000000|693000|20|
434875|2024-12-05 10:10:00|60|0|116.000000|117.000000|115.000000|116.000000|2163100|20|
434876|2024-12-05 10:11:00|60|0|116.000000|116.000000|116.000000|116.000000|167000|20|
434877|2024-12-05 10:12:00|60|0|115.000000|116.000000|115.000000|116.000000|158200|20|
434878|2024-12-05 10:13:00|60|0|116.000000|116.000000|116.000000|116.000000|11000|20|
434879|2024-12-05 10:14:00|60|0|116.000000|116.000000|116.000000|116.000000|83600|20|
434880|2024-12-05 10:15:00|60|0|116.000000|116.000000|116.000000|116.000000|6500|20|
434881|2024-12-05 10:16:00|60|0|115.000000|116.000000|115.000000|115.000000|499500|20|
434882|2024-12-05 10:17:00|60|0|115.000000|116.000000|115.000000|115.000000|312500|20|
434883|2024-12-05 10:18:00|60|0|115.000000|115.000000|115.000000|115.000000|14400|20|
434884|2024-12-05 10:19:00|60|0|115.000000|116.000000|115.000000|116.000000|116100|20|
434885|2024-12-05 10:20:00|60|0|115.000000|115.000000|115.000000|115.000000|73200|20|
434886|2024-12-05 10:21:00|60|0|115.000000|116.000000|115.000000|115.000000|110900|20|
434887|2024-12-05 10:22:00|60|0|116.000000|116.000000|116.000000|116.000000|200|20|
434888|2024-12-05 10:23:00|60|0|116.000000|116.000000|115.000000|115.000000|470900|20|
434889|2024-12-05 10:24:00|60|0|115.000000|115.000000|115.000000|115.000000|25400|20|
434890|2024-12-05 10:25:00|60|0|115.000000|116.000000|115.000000|116.000000|500|20|
434891|2024-12-05 10:26:00|60|0|115.000000|115.000000|115.000000|115.000000|33900|20|
434892|2024-12-05 10:27:00|60|0|115.000000|116.000000|115.000000|116.000000|15200|20|
434893|2024-12-05 10:28:00|60|0|116.000000|116.000000|116.000000|116.000000|100200|20|
434894|2024-12-05 10:30:00|120|1|116.000000|116.000000|116.000000|116.000000|119900|20|
434895|2024-12-05 10:31:00|60|0|115.000000|116.000000|115.000000|116.000000|4000|20|
434896|2024-12-05 10:32:00|60|0|115.000000|115.000000|115.000000|115.000000|17200|20|
434897|2024-12-05 10:33:00|60|0|116.000000|116.000000|116.000000|116.000000|400|20|
434898|2024-12-05 10:34:00|60|0|116.000000|116.000000|116.000000|116.000000|1000|20|
434899|2024-12-05 10:35:00|60|0|115.000000|115.000000|115.000000|115.000000|185100|20|
434900|2024-12-05 10:36:00|60|0|116.000000|116.000000|115.000000|115.000000|19900|20|
434901|2024-12-05 10:37:00|60|0|116.000000|116.000000|115.000000|115.000000|800200|20|
434902|2024-12-05 10:38:00|60|0|116.000000|116.000000|115.000000|116.000000|209400|20|
434903|2024-12-05 10:39:00|60|0|115.000000|116.000000|115.000000|115.000000|670300|20|
434904|2024-12-05 10:40:00|60|0|116.000000|116.000000|115.000000|116.000000|1816600|20|
434905|2024-12-05 10:42:00|120|1|116.000000|116.000000|115.000000|115.000000|1204200|20|
434906|2024-12-05 10:43:00|60|0|116.000000|116.000000|116.000000|116.000000|243200|20|
434907|2024-12-05 10:44:00|60|0|116.000000|117.000000|116.000000|116.000000|883800|20|
434908|2024-12-05 10:45:00|60|0|116.000000|116.000000|116.000000|116.000000|242500|20|
434909|2024-12-05 10:46:00|60|0|116.000000|116.000000|116.000000|116.000000|68800|20|
434910|2024-12-05 10:47:00|60|0|116.000000|116.000000|116.000000|116.000000|111400|20|
434911|2024-12-05 10:48:00|60|0|117.000000|117.000000|116.000000|116.000000|154700|20|
434912|2024-12-05 10:49:00|60|0|116.000000|116.000000|116.000000|116.000000|58300|20|
434913|2024-12-05 10:50:00|60|0|116.000000|117.000000|116.000000|117.000000|1649700|20|
434914|2024-12-05 10:51:00|60|0|116.000000|117.000000|116.000000|117.000000|25800|20|
434915|2024-12-05 10:52:00|60|0|116.000000|117.000000|116.000000|116.000000|1193700|20|
434916|2024-12-05 10:53:00|60|0|116.000000|116.000000|116.000000|116.000000|6100|20|
434917|2024-12-05 10:54:00|60|0|116.000000|116.000000|116.000000|116.000000|15500|20|
434918|2024-12-05 10:55:00|60|0|116.000000|116.000000|116.000000|116.000000|40400|20|
434919|2024-12-05 10:56:00|60|0|116.000000|116.000000|115.000000|115.000000|504000|20|
434920|2024-12-05 10:57:00|60|0|116.000000|116.000000|116.000000|116.000000|200|20|
434921|2024-12-05 10:58:00|60|0|116.000000|116.000000|116.000000|116.000000|4600|20|
434922|2024-12-05 10:59:00|60|0|115.000000|115.000000|115.000000|115.000000|431500|20|
434923|2024-12-05 11:00:00|60|0|116.000000|116.000000|115.000000|116.000000|26200|20|
434924|2024-12-05 11:01:00|60|0|116.000000|116.000000|115.000000|115.000000|101200|20|
434925|2024-12-05 11:02:00|60|0|115.000000|116.000000|115.000000|116.000000|266900|20|
434926|2024-12-05 11:03:00|60|0|116.000000|116.000000|116.000000|116.000000|100|20|
434927|2024-12-05 11:04:00|60|0|115.000000|116.000000|115.000000|116.000000|358800|20|
434928|2024-12-05 11:05:00|60|0|116.000000|116.000000|115.000000|116.000000|3400|20|
434929|2024-12-05 11:08:00|180|1|116.000000|116.000000|116.000000|116.000000|100|20|
434930|2024-12-05 11:09:00|60|0|116.000000|116.000000|116.000000|116.000000|45600|20|
434931|2024-12-05 11:10:00|60|0|116.000000|116.000000|116.000000|116.000000|12900|20|
434932|2024-12-05 11:11:00|60|0|116.000000|116.000000|116.000000|116.000000|3993200|20|
434933|2024-12-05 11:12:00|60|0|117.000000|117.000000|116.000000|116.000000|13200|20|
434934|2024-12-05 11:13:00|60|0|117.000000|117.000000|116.000000|117.000000|532600|20|
434935|2024-12-05 11:14:00|60|0|117.000000|117.000000|116.000000|117.000000|329800|20|
434936|2024-12-05 11:15:00|60|0|117.000000|117.000000|117.000000|117.000000|515900|20|
434937|2024-12-05 11:16:00|60|0|116.000000|116.000000|116.000000|116.000000|300|20|
434938|2024-12-05 11:17:00|60|0|116.000000|117.000000|116.000000|117.000000|29100|20|
434939|2024-12-05 11:18:00|60|0|116.000000|117.000000|116.000000|117.000000|700|20|
434940|2024-12-05 11:20:00|120|1|116.000000|116.000000|116.000000|116.000000|9800|20|
434941|2024-12-05 11:21:00|60|0|116.000000|117.000000|116.000000|117.000000|1926100|20|
434942|2024-12-05 11:22:00|60|0|116.000000|117.000000|116.000000|117.000000|26600|20|
434943|2024-12-05 11:23:00|60|0|117.000000|117.000000|116.000000|116.000000|162600|20|
434944|2024-12-05 11:24:00|60|0|117.000000|117.000000|116.000000|116.000000|16000|20|
434945|2024-12-05 11:25:00|60|0|117.000000|117.000000|116.000000|117.000000|63400|20|
434946|2024-12-05 11:26:00|60|0|116.000000|117.000000|116.000000|117.000000|13900|20|
434947|2024-12-05 11:27:00|60|0|116.000000|117.000000|116.000000|116.000000|530600|20|
434948|2024-12-05 11:28:00|60|0|116.000000|117.000000|116.000000|117.000000|4214500|20|
434949|2024-12-05 11:29:00|60|0|117.000000|117.000000|117.000000|117.000000|10870700|20|
434950|2024-12-05 11:30:00|60|0|118.000000|118.000000|117.000000|118.000000|179400|20|
434951|2024-12-05 11:31:00|60|0|118.000000|118.000000|117.000000|118.000000|1327600|20|
434952|2024-12-05 11:32:00|60|0|117.000000|118.000000|117.000000|118.000000|11800|20|
434953|2024-12-05 11:33:00|60|0|118.000000|118.000000|117.000000|118.000000|10600|20|
434954|2024-12-05 11:34:00|60|0|118.000000|118.000000|118.000000|118.000000|22100|20|
434955|2024-12-05 11:35:00|60|0|118.000000|118.000000|117.000000|118.000000|797300|20|
434956|2024-12-05 11:36:00|60|0|118.000000|118.000000|117.000000|118.000000|161700|20|
434957|2024-12-05 11:37:00|60|0|117.000000|118.000000|117.000000|118.000000|117700|20|
434958|2024-12-05 11:38:00|60|0|118.000000|118.000000|117.000000|118.000000|22300|20|
434959|2024-12-05 11:39:00|60|0|118.000000|118.000000|118.000000|118.000000|170700|20|
434960|2024-12-05 11:40:00|60|0|118.000000|118.000000|118.000000|118.000000|200000|20|
434961|2024-12-05 11:41:00|60|0|117.000000|118.000000|117.000000|118.000000|56400|20|
434962|2024-12-05 11:42:00|60|0|117.000000|118.000000|117.000000|118.000000|319500|20|
434963|2024-12-05 11:43:00|60|0|117.000000|117.000000|117.000000|117.000000|237900|20|
434964|2024-12-05 11:44:00|60|0|117.000000|118.000000|117.000000|117.000000|444100|20|
434965|2024-12-05 11:45:00|60|0|117.000000|117.000000|117.000000|117.000000|83000|20|
434966|2024-12-05 11:46:00|60|0|117.000000|117.000000|117.000000|117.000000|66400|20|
434967|2024-12-05 11:47:00|60|0|118.000000|119.000000|118.000000|119.000000|15545000|20|
434968|2024-12-05 11:48:00|60|0|118.000000|119.000000|118.000000|119.000000|240600|20|
434969|2024-12-05 11:49:00|60|0|119.000000|119.000000|118.000000|119.000000|430000|20|
434970|2024-12-05 11:50:00|60|0|118.000000|119.000000|118.000000|119.000000|412000|20|
434971|2024-12-05 11:51:00|60|0|119.000000|120.000000|118.000000|119.000000|20510500|20|
434972|2024-12-05 11:52:00|60|0|120.000000|120.000000|119.000000|119.000000|1086900|20|
434973|2024-12-05 11:53:00|60|0|120.000000|120.000000|119.000000|120.000000|122700|20|
434974|2024-12-05 11:54:00|60|0|120.000000|120.000000|119.000000|119.000000|4540200|20|
434975|2024-12-05 11:55:00|60|0|120.000000|120.000000|119.000000|120.000000|1441000|20|BND_LAST_S1_5M_FLAG=1
434976|2024-12-05 11:56:00|60|0|120.000000|120.000000|119.000000|120.000000|4094100|20|BND_LAST_S1_5M_FLAG=1
434977|2024-12-05 11:57:00|60|0|120.000000|120.000000|119.000000|119.000000|1224300|20|BND_LAST_S1_5M_FLAG=1
434978|2024-12-05 11:58:00|60|0|120.000000|120.000000|119.000000|120.000000|237700|20|BND_LAST_S1_5M_FLAG=1
434979|2024-12-05 11:59:00|60|0|120.000000|120.000000|119.000000|120.000000|709700|20|BND_LAST_S1_5M_FLAG=1
434980|2024-12-05 13:30:00|5460|1|119.000000|120.000000|118.000000|119.000000|9380300|40|CLK_REGULAR_SESSION1_FLAG=0;CLK_REGULAR_SESSION2_FLAG=1;BND_FIRST_S2_5M_FLAG=1
434981|2024-12-05 13:31:00|60|0|119.000000|120.000000|119.000000|119.000000|520100|40|CLK_REGULAR_SESSION1_FLAG=0;CLK_REGULAR_SESSION2_FLAG=1;BND_FIRST_S2_5M_FLAG=1
434982|2024-12-05 13:32:00|60|0|120.000000|120.000000|119.000000|119.000000|151500|40|CLK_REGULAR_SESSION1_FLAG=0;CLK_REGULAR_SESSION2_FLAG=1;BND_FIRST_S2_5M_FLAG=1
434983|2024-12-05 13:33:00|60|0|119.000000|120.000000|119.000000|120.000000|437700|40|CLK_REGULAR_SESSION1_FLAG=0;CLK_REGULAR_SESSION2_FLAG=1;BND_FIRST_S2_5M_FLAG=1
434984|2024-12-05 13:34:00|60|0|120.000000|120.000000|119.000000|120.000000|642400|40|CLK_REGULAR_SESSION1_FLAG=0;CLK_REGULAR_SESSION2_FLAG=1;BND_FIRST_S2_5M_FLAG=1
434985|2024-12-05 13:35:00|60|0|120.000000|120.000000|119.000000|120.000000|65000|40|CLK_REGULAR_SESSION1_FLAG=0;CLK_REGULAR_SESSION2_FLAG=1
434986|2024-12-05 13:36:00|60|0|120.000000|120.000000|119.000000|119.000000|1558700|40|CLK_REGULAR_SESSION1_FLAG=0;CLK_REGULAR_SESSION2_FLAG=1
434987|2024-12-05 13:37:00|60|0|120.000000|120.000000|119.000000|120.000000|232100|40|CLK_REGULAR_SESSION1_FLAG=0;CLK_REGULAR_SESSION2_FLAG=1
434988|2024-12-05 13:38:00|60|0|120.000000|121.000000|120.000000|121.000000|29172500|40|CLK_REGULAR_SESSION1_FLAG=0;CLK_REGULAR_SESSION2_FLAG=1
434989|2024-12-05 13:39:00|60|0|121.000000|122.000000|120.000000|122.000000|7637400|40|CLK_REGULAR_SESSION1_FLAG=0;CLK_REGULAR_SESSION2_FLAG=1
434990|2024-12-05 13:40:00|60|0|122.000000|122.000000|121.000000|122.000000|13247900|40|CLK_REGULAR_SESSION1_FLAG=0;CLK_REGULAR_SESSION2_FLAG=1
434991|2024-12-05 13:41:00|60|0|122.000000|123.000000|121.000000|122.000000|11772900|40|CLK_REGULAR_SESSION1_FLAG=0;CLK_REGULAR_SESSION2_FLAG=1
434992|2024-12-05 13:42:00|60|0|122.000000|122.000000|121.000000|122.000000|2323400|40|CLK_REGULAR_SESSION1_FLAG=0;CLK_REGULAR_SESSION2_FLAG=1
434993|2024-12-05 13:43:00|60|0|121.000000|122.000000|121.000000|122.000000|2829300|40|CLK_REGULAR_SESSION1_FLAG=0;CLK_REGULAR_SESSION2_FLAG=1
434994|2024-12-05 13:44:00|60|0|122.000000|122.000000|121.000000|122.000000|500100|40|CLK_REGULAR_SESSION1_FLAG=0;CLK_REGULAR_SESSION2_FLAG=1
434995|2024-12-05 13:45:00|60|0|122.000000|122.000000|121.000000|122.000000|1106700|40|CLK_REGULAR_SESSION1_FLAG=0;CLK_REGULAR_SESSION2_FLAG=1
434996|2024-12-05 13:46:00|60|0|122.000000|122.000000|121.000000|121.000000|566900|40|CLK_REGULAR_SESSION1_FLAG=0;CLK_REGULAR_SESSION2_FLAG=1
434997|2024-12-05 13:47:00|60|0|122.000000|122.000000|121.000000|122.000000|2463800|40|CLK_REGULAR_SESSION1_FLAG=0;CLK_REGULAR_SESSION2_FLAG=1
434998|2024-12-05 13:48:00|60|0|121.000000|122.000000|121.000000|122.000000|1810900|40|CLK_REGULAR_SESSION1_FLAG=0;CLK_REGULAR_SESSION2_FLAG=1
434999|2024-12-05 13:49:00|60|0|122.000000|122.000000|121.000000|122.000000|785500|40|CLK_REGULAR_SESSION1_FLAG=0;CLK_REGULAR_SESSION2_FLAG=1
435000|2024-12-05 13:50:00|60|0|121.000000|122.000000|121.000000|121.000000|2475800|40|CLK_REGULAR_SESSION1_FLAG=0;CLK_REGULAR_SESSION2_FLAG=1
435001|2024-12-05 13:51:00|60|0|121.000000|122.000000|121.000000|121.000000|3578500|40|CLK_REGULAR_SESSION1_FLAG=0;CLK_REGULAR_SESSION2_FLAG=1
435002|2024-12-05 13:52:00|60|0|120.000000|121.000000|120.000000|120.000000|349100|40|CLK_REGULAR_SESSION1_FLAG=0;CLK_REGULAR_SESSION2_FLAG=1
435003|2024-12-05 13:53:00|60|0|121.000000|121.000000|121.000000|121.000000|3961800|40|CLK_REGULAR_SESSION1_FLAG=0;CLK_REGULAR_SESSION2_FLAG=1
435004|2024-12-05 13:54:00|60|0|121.000000|121.000000|121.000000|121.000000|1726800|40|CLK_REGULAR_SESSION1_FLAG=0;CLK_REGULAR_SESSION2_FLAG=1
435005|2024-12-05 13:55:00|60|0|121.000000|122.000000|121.000000|122.000000|1198000|40|CLK_REGULAR_SESSION1_FLAG=0;CLK_REGULAR_SESSION2_FLAG=1
435006|2024-12-05 13:56:00|60|0|122.000000|122.000000|121.000000|122.000000|482100|40|CLK_REGULAR_SESSION1_FLAG=0;CLK_REGULAR_SESSION2_FLAG=1
435007|2024-12-05 13:57:00|60|0|122.000000|122.000000|121.000000|122.000000|803400|40|CLK_REGULAR_SESSION1_FLAG=0;CLK_REGULAR_SESSION2_FLAG=1
435008|2024-12-05 13:58:00|60|0|122.000000|122.000000|121.000000|122.000000|437800|40|CLK_REGULAR_SESSION1_FLAG=0;CLK_REGULAR_SESSION2_FLAG=1
435009|2024-12-05 13:59:00|60|0|122.000000|122.000000|121.000000|122.000000|528300|40|CLK_REGULAR_SESSION1_FLAG=0;CLK_REGULAR_SESSION2_FLAG=1
435010|2024-12-05 14:00:00|60|0|122.000000|122.000000|121.000000|122.000000|842600|40|CLK_REGULAR_SESSION1_FLAG=0;CLK_REGULAR_SESSION2_FLAG=1
435011|2024-12-05 14:01:00|60|0|121.000000|122.000000|121.000000|122.000000|574400|40|CLK_REGULAR_SESSION1_FLAG=0;CLK_REGULAR_SESSION2_FLAG=1
435012|2024-12-05 14:02:00|60|0|122.000000|122.000000|121.000000|122.000000|2741000|40|CLK_REGULAR_SESSION1_FLAG=0;CLK_REGULAR_SESSION2_FLAG=1
435013|2024-12-05 14:03:00|60|0|122.000000|122.000000|121.000000|122.000000|781800|40|CLK_REGULAR_SESSION1_FLAG=0;CLK_REGULAR_SESSION2_FLAG=1
435014|2024-12-05 14:04:00|60|0|122.000000|122.000000|121.000000|122.000000|2873000|40|CLK_REGULAR_SESSION1_FLAG=0;CLK_REGULAR_SESSION2_FLAG=1
435015|2024-12-05 14:05:00|60|0|122.000000|122.000000|122.000000|122.000000|1810300|40|CLK_REGULAR_SESSION1_FLAG=0;CLK_REGULAR_SESSION2_FLAG=1
435016|2024-12-05 14:06:00|60|0|121.000000|122.000000|121.000000|122.000000|1550400|40|CLK_REGULAR_SESSION1_FLAG=0;CLK_REGULAR_SESSION2_FLAG=1
435017|2024-12-05 14:07:00|60|0|122.000000|123.000000|121.000000|122.000000|2669200|40|CLK_REGULAR_SESSION1_FLAG=0;CLK_REGULAR_SESSION2_FLAG=1
435018|2024-12-05 14:08:00|60|0|123.000000|123.000000|122.000000|123.000000|5923800|40|CLK_REGULAR_SESSION1_FLAG=0;CLK_REGULAR_SESSION2_FLAG=1
435019|2024-12-05 14:09:00|60|0|122.000000|122.000000|122.000000|122.000000|1514900|40|CLK_REGULAR_SESSION1_FLAG=0;CLK_REGULAR_SESSION2_FLAG=1
435020|2024-12-05 14:10:00|60|0|122.000000|122.000000|122.000000|122.000000|252100|40|CLK_REGULAR_SESSION1_FLAG=0;CLK_REGULAR_SESSION2_FLAG=1
435021|2024-12-05 14:11:00|60|0|122.000000|122.000000|121.000000|122.000000|432700|40|CLK_REGULAR_SESSION1_FLAG=0;CLK_REGULAR_SESSION2_FLAG=1
435022|2024-12-05 14:12:00|60|0|122.000000|122.000000|121.000000|122.000000|353800|40|CLK_REGULAR_SESSION1_FLAG=0;CLK_REGULAR_SESSION2_FLAG=1
435023|2024-12-05 14:13:00|60|0|121.000000|122.000000|121.000000|122.000000|2101400|40|CLK_REGULAR_SESSION1_FLAG=0;CLK_REGULAR_SESSION2_FLAG=1
435024|2024-12-05 14:14:00|60|0|122.000000|122.000000|122.000000|122.000000|2174800|40|CLK_REGULAR_SESSION1_FLAG=0;CLK_REGULAR_SESSION2_FLAG=1
435025|2024-12-05 14:15:00|60|0|122.000000|122.000000|121.000000|122.000000|1362800|40|CLK_REGULAR_SESSION1_FLAG=0;CLK_REGULAR_SESSION2_FLAG=1
435026|2024-12-05 14:16:00|60|0|122.000000|122.000000|122.000000|122.000000|785200|40|CLK_REGULAR_SESSION1_FLAG=0;CLK_REGULAR_SESSION2_FLAG=1
435027|2024-12-05 14:17:00|60|0|122.000000|122.000000|121.000000|122.000000|777100|40|CLK_REGULAR_SESSION1_FLAG=0;CLK_REGULAR_SESSION2_FLAG=1
435028|2024-12-05 14:18:00|60|0|122.000000|122.000000|121.000000|122.000000|562800|40|CLK_REGULAR_SESSION1_FLAG=0;CLK_REGULAR_SESSION2_FLAG=1
435029|2024-12-05 14:19:00|60|0|122.000000|122.000000|121.000000|122.000000|1314600|40|CLK_REGULAR_SESSION1_FLAG=0;CLK_REGULAR_SESSION2_FLAG=1
435030|2024-12-05 14:20:00|60|0|122.000000|122.000000|121.000000|122.000000|1060100|40|CLK_REGULAR_SESSION1_FLAG=0;CLK_REGULAR_SESSION2_FLAG=1
435031|2024-12-05 14:21:00|60|0|122.000000|122.000000|121.000000|122.000000|426600|40|CLK_REGULAR_SESSION1_FLAG=0;CLK_REGULAR_SESSION2_FLAG=1
435032|2024-12-05 14:22:00|60|0|122.000000|122.000000|121.000000|122.000000|483200|40|CLK_REGULAR_SESSION1_FLAG=0;CLK_REGULAR_SESSION2_FLAG=1
435033|2024-12-05 14:23:00|60|0|122.000000|122.000000|121.000000|122.000000|432300|40|CLK_REGULAR_SESSION1_FLAG=0;CLK_REGULAR_SESSION2_FLAG=1
435034|2024-12-05 14:24:00|60|0|122.000000|122.000000|121.000000|122.000000|482800|40|CLK_REGULAR_SESSION1_FLAG=0;CLK_REGULAR_SESSION2_FLAG=1
435035|2024-12-05 14:25:00|60|0|122.000000|122.000000|120.000000|121.000000|4942700|40|CLK_REGULAR_SESSION1_FLAG=0;CLK_REGULAR_SESSION2_FLAG=1
435036|2024-12-05 14:26:00|60|0|121.000000|122.000000|120.000000|121.000000|2281000|40|CLK_REGULAR_SESSION1_FLAG=0;CLK_REGULAR_SESSION2_FLAG=1
435037|2024-12-05 14:27:00|60|0|121.000000|121.000000|121.000000|121.000000|597600|40|CLK_REGULAR_SESSION1_FLAG=0;CLK_REGULAR_SESSION2_FLAG=1
435038|2024-12-05 14:28:00|60|0|121.000000|121.000000|120.000000|121.000000|174700|40|CLK_REGULAR_SESSION1_FLAG=0;CLK_REGULAR_SESSION2_FLAG=1
435039|2024-12-05 14:29:00|60|0|121.000000|121.000000|120.000000|121.000000|3609100|40|CLK_REGULAR_SESSION1_FLAG=0;CLK_REGULAR_SESSION2_FLAG=1
435040|2024-12-05 14:30:00|60|0|121.000000|121.000000|121.000000|121.000000|189600|40|CLK_REGULAR_SESSION1_FLAG=0;CLK_REGULAR_SESSION2_FLAG=1
435041|2024-12-05 14:31:00|60|0|120.000000|121.000000|119.000000|119.000000|14057400|40|CLK_REGULAR_SESSION1_FLAG=0;CLK_REGULAR_SESSION2_FLAG=1
435042|2024-12-05 14:32:00|60|0|119.000000|120.000000|119.000000|120.000000|2435700|40|CLK_REGULAR_SESSION1_FLAG=0;CLK_REGULAR_SESSION2_FLAG=1
435043|2024-12-05 14:33:00|60|0|119.000000|120.000000|119.000000|119.000000|10547100|40|CLK_REGULAR_SESSION1_FLAG=0;CLK_REGULAR_SESSION2_FLAG=1
435044|2024-12-05 14:34:00|60|0|119.000000|120.000000|119.000000|120.000000|3565700|40|CLK_REGULAR_SESSION1_FLAG=0;CLK_REGULAR_SESSION2_FLAG=1
435045|2024-12-05 14:35:00|60|0|120.000000|120.000000|120.000000|120.000000|5864400|40|CLK_REGULAR_SESSION1_FLAG=0;CLK_REGULAR_SESSION2_FLAG=1
435046|2024-12-05 14:36:00|60|0|120.000000|120.000000|119.000000|120.000000|372500|40|CLK_REGULAR_SESSION1_FLAG=0;CLK_REGULAR_SESSION2_FLAG=1
435047|2024-12-05 14:37:00|60|0|120.000000|120.000000|119.000000|120.000000|2726700|40|CLK_REGULAR_SESSION1_FLAG=0;CLK_REGULAR_SESSION2_FLAG=1
435048|2024-12-05 14:38:00|60|0|120.000000|121.000000|120.000000|121.000000|60700|40|CLK_REGULAR_SESSION1_FLAG=0;CLK_REGULAR_SESSION2_FLAG=1
435049|2024-12-05 14:39:00|60|0|121.000000|121.000000|120.000000|120.000000|3400|40|CLK_REGULAR_SESSION1_FLAG=0;CLK_REGULAR_SESSION2_FLAG=1
435050|2024-12-05 14:40:00|60|0|120.000000|120.000000|120.000000|120.000000|350100|40|CLK_REGULAR_SESSION1_FLAG=0;CLK_REGULAR_SESSION2_FLAG=1
435051|2024-12-05 14:41:00|60|0|120.000000|120.000000|119.000000|119.000000|7669000|40|CLK_REGULAR_SESSION1_FLAG=0;CLK_REGULAR_SESSION2_FLAG=1
435052|2024-12-05 14:42:00|60|0|119.000000|120.000000|119.000000|120.000000|2499100|40|CLK_REGULAR_SESSION1_FLAG=0;CLK_REGULAR_SESSION2_FLAG=1
435053|2024-12-05 14:43:00|60|0|119.000000|120.000000|119.000000|119.000000|2300200|40|CLK_REGULAR_SESSION1_FLAG=0;CLK_REGULAR_SESSION2_FLAG=1
435054|2024-12-05 14:44:00|60|0|119.000000|120.000000|119.000000|119.000000|397000|40|CLK_REGULAR_SESSION1_FLAG=0;CLK_REGULAR_SESSION2_FLAG=1
435055|2024-12-05 14:45:00|60|0|120.000000|120.000000|120.000000|120.000000|293900|40|CLK_REGULAR_SESSION1_FLAG=0;CLK_REGULAR_SESSION2_FLAG=1
435056|2024-12-05 14:46:00|60|0|120.000000|120.000000|120.000000|120.000000|223800|40|CLK_REGULAR_SESSION1_FLAG=0;CLK_REGULAR_SESSION2_FLAG=1
435057|2024-12-05 14:47:00|60|0|120.000000|120.000000|119.000000|120.000000|550700|40|CLK_REGULAR_SESSION1_FLAG=0;CLK_REGULAR_SESSION2_FLAG=1
435058|2024-12-05 14:48:00|60|0|120.000000|120.000000|120.000000|120.000000|380700|40|CLK_REGULAR_SESSION1_FLAG=0;CLK_REGULAR_SESSION2_FLAG=1
435059|2024-12-05 14:49:00|60|0|120.000000|120.000000|120.000000|120.000000|1573000|40|CLK_REGULAR_SESSION1_FLAG=0;CLK_REGULAR_SESSION2_FLAG=1
435060|2024-12-05 14:50:00|60|0|120.000000|120.000000|120.000000|120.000000|1437200|40|CLK_REGULAR_SESSION1_FLAG=0;CLK_REGULAR_SESSION2_FLAG=1
435061|2024-12-05 14:51:00|60|0|120.000000|120.000000|120.000000|120.000000|55300|40|CLK_REGULAR_SESSION1_FLAG=0;CLK_REGULAR_SESSION2_FLAG=1
435062|2024-12-05 14:52:00|60|0|120.000000|121.000000|120.000000|120.000000|170500|40|CLK_REGULAR_SESSION1_FLAG=0;CLK_REGULAR_SESSION2_FLAG=1
435063|2024-12-05 14:53:00|60|0|120.000000|120.000000|120.000000|120.000000|1790300|40|CLK_REGULAR_SESSION1_FLAG=0;CLK_REGULAR_SESSION2_FLAG=1
435064|2024-12-05 14:54:00|60|0|119.000000|120.000000|119.000000|119.000000|4357600|40|CLK_REGULAR_SESSION1_FLAG=0;CLK_REGULAR_SESSION2_FLAG=1
435065|2024-12-05 14:55:00|60|0|119.000000|119.000000|119.000000|119.000000|397900|40|CLK_REGULAR_SESSION1_FLAG=0;CLK_REGULAR_SESSION2_FLAG=1
435066|2024-12-05 14:56:00|60|0|119.000000|120.000000|119.000000|119.000000|866100|40|CLK_REGULAR_SESSION1_FLAG=0;CLK_REGULAR_SESSION2_FLAG=1
435067|2024-12-05 14:57:00|60|0|120.000000|120.000000|119.000000|120.000000|448000|40|CLK_REGULAR_SESSION1_FLAG=0;CLK_REGULAR_SESSION2_FLAG=1
435068|2024-12-05 14:58:00|60|0|119.000000|120.000000|119.000000|119.000000|733100|40|CLK_REGULAR_SESSION1_FLAG=0;CLK_REGULAR_SESSION2_FLAG=1
435069|2024-12-05 14:59:00|60|0|120.000000|120.000000|120.000000|120.000000|208200|40|CLK_REGULAR_SESSION1_FLAG=0;CLK_REGULAR_SESSION2_FLAG=1
435070|2024-12-05 15:00:00|60|0|120.000000|120.000000|119.000000|120.000000|613100|40|CLK_REGULAR_SESSION1_FLAG=0;CLK_REGULAR_SESSION2_FLAG=1
435071|2024-12-05 15:01:00|60|0|120.000000|120.000000|119.000000|119.000000|411100|40|CLK_REGULAR_SESSION1_FLAG=0;CLK_REGULAR_SESSION2_FLAG=1
435072|2024-12-05 15:02:00|60|0|119.000000|119.000000|119.000000|119.000000|2748000|40|CLK_REGULAR_SESSION1_FLAG=0;CLK_REGULAR_SESSION2_FLAG=1
435073|2024-12-05 15:03:00|60|0|119.000000|120.000000|119.000000|120.000000|163000|40|CLK_REGULAR_SESSION1_FLAG=0;CLK_REGULAR_SESSION2_FLAG=1
435074|2024-12-05 15:04:00|60|0|120.000000|120.000000|119.000000|120.000000|289600|40|CLK_REGULAR_SESSION1_FLAG=0;CLK_REGULAR_SESSION2_FLAG=1
435075|2024-12-05 15:05:00|60|0|120.000000|120.000000|119.000000|120.000000|374300|40|CLK_REGULAR_SESSION1_FLAG=0;CLK_REGULAR_SESSION2_FLAG=1
435076|2024-12-05 15:06:00|60|0|120.000000|120.000000|119.000000|119.000000|375700|40|CLK_REGULAR_SESSION1_FLAG=0;CLK_REGULAR_SESSION2_FLAG=1
435077|2024-12-05 15:07:00|60|0|120.000000|120.000000|119.000000|120.000000|645600|40|CLK_REGULAR_SESSION1_FLAG=0;CLK_REGULAR_SESSION2_FLAG=1
435078|2024-12-05 15:08:00|60|0|120.000000|120.000000|120.000000|120.000000|326400|40|CLK_REGULAR_SESSION1_FLAG=0;CLK_REGULAR_SESSION2_FLAG=1
435079|2024-12-05 15:09:00|60|0|120.000000|120.000000|119.000000|119.000000|2616300|40|CLK_REGULAR_SESSION1_FLAG=0;CLK_REGULAR_SESSION2_FLAG=1
435080|2024-12-05 15:10:00|60|0|119.000000|119.000000|118.000000|118.000000|506800|40|CLK_REGULAR_SESSION1_FLAG=0;CLK_REGULAR_SESSION2_FLAG=1
435081|2024-12-05 15:11:00|60|0|119.000000|120.000000|119.000000|120.000000|3296000|40|CLK_REGULAR_SESSION1_FLAG=0;CLK_REGULAR_SESSION2_FLAG=1
435082|2024-12-05 15:12:00|60|0|120.000000|120.000000|119.000000|119.000000|1797900|40|CLK_REGULAR_SESSION1_FLAG=0;CLK_REGULAR_SESSION2_FLAG=1
435083|2024-12-05 15:13:00|60|0|119.000000|119.000000|118.000000|119.000000|204900|40|CLK_REGULAR_SESSION1_FLAG=0;CLK_REGULAR_SESSION2_FLAG=1
435084|2024-12-05 15:14:00|60|0|119.000000|119.000000|118.000000|119.000000|650700|40|CLK_REGULAR_SESSION1_FLAG=0;CLK_REGULAR_SESSION2_FLAG=1
435085|2024-12-05 15:15:00|60|0|118.000000|119.000000|118.000000|119.000000|719100|40|CLK_REGULAR_SESSION1_FLAG=0;CLK_REGULAR_SESSION2_FLAG=1
435086|2024-12-05 15:16:00|60|0|119.000000|119.000000|118.000000|119.000000|456700|40|CLK_REGULAR_SESSION1_FLAG=0;CLK_REGULAR_SESSION2_FLAG=1
435087|2024-12-05 15:17:00|60|0|119.000000|119.000000|118.000000|119.000000|424600|40|CLK_REGULAR_SESSION1_FLAG=0;CLK_REGULAR_SESSION2_FLAG=1
435088|2024-12-05 15:18:00|60|0|119.000000|119.000000|119.000000|119.000000|470200|40|CLK_REGULAR_SESSION1_FLAG=0;CLK_REGULAR_SESSION2_FLAG=1
435089|2024-12-05 15:19:00|60|0|119.000000|119.000000|119.000000|119.000000|443100|40|CLK_REGULAR_SESSION1_FLAG=0;CLK_REGULAR_SESSION2_FLAG=1
435090|2024-12-05 15:20:00|60|0|119.000000|119.000000|119.000000|119.000000|470700|40|CLK_REGULAR_SESSION1_FLAG=0;CLK_REGULAR_SESSION2_FLAG=1
435091|2024-12-05 15:21:00|60|0|119.000000|119.000000|118.000000|119.000000|377900|40|CLK_REGULAR_SESSION1_FLAG=0;CLK_REGULAR_SESSION2_FLAG=1
435092|2024-12-05 15:22:00|60|0|119.000000|120.000000|119.000000|119.000000|1457700|40|CLK_REGULAR_SESSION1_FLAG=0;CLK_REGULAR_SESSION2_FLAG=1
435093|2024-12-05 15:23:00|60|0|120.000000|120.000000|118.000000|119.000000|869400|40|CLK_REGULAR_SESSION1_FLAG=0;CLK_REGULAR_SESSION2_FLAG=1
435094|2024-12-05 15:24:00|60|0|119.000000|119.000000|119.000000|119.000000|189800|40|CLK_REGULAR_SESSION1_FLAG=0;CLK_REGULAR_SESSION2_FLAG=1
435095|2024-12-05 15:25:00|60|0|119.000000|119.000000|118.000000|119.000000|347400|40|CLK_REGULAR_SESSION1_FLAG=0;CLK_REGULAR_SESSION2_FLAG=1
435096|2024-12-05 15:26:00|60|0|118.000000|120.000000|118.000000|120.000000|1982700|40|CLK_REGULAR_SESSION1_FLAG=0;CLK_REGULAR_SESSION2_FLAG=1
435097|2024-12-05 15:27:00|60|0|119.000000|120.000000|119.000000|120.000000|504100|40|CLK_REGULAR_SESSION1_FLAG=0;CLK_REGULAR_SESSION2_FLAG=1
435098|2024-12-05 15:28:00|60|0|120.000000|120.000000|119.000000|120.000000|621800|40|CLK_REGULAR_SESSION1_FLAG=0;CLK_REGULAR_SESSION2_FLAG=1
435099|2024-12-05 15:29:00|60|0|120.000000|120.000000|119.000000|120.000000|460500|40|CLK_REGULAR_SESSION1_FLAG=0;CLK_REGULAR_SESSION2_FLAG=1
435100|2024-12-05 15:30:00|60|0|120.000000|120.000000|119.000000|120.000000|565700|40|CLK_REGULAR_SESSION1_FLAG=0;CLK_REGULAR_SESSION2_FLAG=1
435101|2024-12-05 15:31:00|60|0|120.000000|120.000000|119.000000|120.000000|371300|40|CLK_REGULAR_SESSION1_FLAG=0;CLK_REGULAR_SESSION2_FLAG=1
435102|2024-12-05 15:32:00|60|0|120.000000|120.000000|119.000000|120.000000|530900|40|CLK_REGULAR_SESSION1_FLAG=0;CLK_REGULAR_SESSION2_FLAG=1
435103|2024-12-05 15:33:00|60|0|120.000000|120.000000|120.000000|120.000000|463800|40|CLK_REGULAR_SESSION1_FLAG=0;CLK_REGULAR_SESSION2_FLAG=1
435104|2024-12-05 15:34:00|60|0|119.000000|120.000000|119.000000|120.000000|650100|40|CLK_REGULAR_SESSION1_FLAG=0;CLK_REGULAR_SESSION2_FLAG=1
435105|2024-12-05 15:35:00|60|0|120.000000|120.000000|119.000000|120.000000|453100|40|CLK_REGULAR_SESSION1_FLAG=0;CLK_REGULAR_SESSION2_FLAG=1
435106|2024-12-05 15:36:00|60|0|120.000000|120.000000|120.000000|120.000000|477600|40|CLK_REGULAR_SESSION1_FLAG=0;CLK_REGULAR_SESSION2_FLAG=1
435107|2024-12-05 15:37:00|60|0|120.000000|120.000000|119.000000|120.000000|401400|40|CLK_REGULAR_SESSION1_FLAG=0;CLK_REGULAR_SESSION2_FLAG=1
435108|2024-12-05 15:38:00|60|0|119.000000|120.000000|119.000000|120.000000|745300|40|CLK_REGULAR_SESSION1_FLAG=0;CLK_REGULAR_SESSION2_FLAG=1
435109|2024-12-05 15:39:00|60|0|119.000000|120.000000|119.000000|120.000000|450600|40|CLK_REGULAR_SESSION1_FLAG=0;CLK_REGULAR_SESSION2_FLAG=1
435110|2024-12-05 15:40:00|60|0|120.000000|120.000000|119.000000|120.000000|825800|40|CLK_REGULAR_SESSION1_FLAG=0;CLK_REGULAR_SESSION2_FLAG=1
435111|2024-12-05 15:41:00|60|0|120.000000|120.000000|120.000000|120.000000|487000|40|CLK_REGULAR_SESSION1_FLAG=0;CLK_REGULAR_SESSION2_FLAG=1
435112|2024-12-05 15:42:00|60|0|120.000000|120.000000|119.000000|120.000000|633300|40|CLK_REGULAR_SESSION1_FLAG=0;CLK_REGULAR_SESSION2_FLAG=1
435113|2024-12-05 15:43:00|60|0|120.000000|120.000000|119.000000|120.000000|481300|40|CLK_REGULAR_SESSION1_FLAG=0;CLK_REGULAR_SESSION2_FLAG=1
435114|2024-12-05 15:44:00|60|0|120.000000|120.000000|119.000000|119.000000|2011400|40|CLK_REGULAR_SESSION1_FLAG=0;CLK_REGULAR_SESSION2_FLAG=1
435115|2024-12-05 15:45:00|60|0|120.000000|120.000000|119.000000|120.000000|953000|40|CLK_REGULAR_SESSION1_FLAG=0;CLK_REGULAR_SESSION2_FLAG=1;BND_LAST_REGULAR_5M_FLAG=1
435116|2024-12-05 15:46:00|60|0|119.000000|120.000000|119.000000|120.000000|903600|40|CLK_REGULAR_SESSION1_FLAG=0;CLK_REGULAR_SESSION2_FLAG=1;BND_LAST_REGULAR_5M_FLAG=1
435117|2024-12-05 15:47:00|60|0|120.000000|120.000000|119.000000|120.000000|949600|40|CLK_REGULAR_SESSION1_FLAG=0;CLK_REGULAR_SESSION2_FLAG=1;BND_LAST_REGULAR_5M_FLAG=1
435118|2024-12-05 15:48:00|60|0|120.000000|120.000000|119.000000|120.000000|1251300|40|CLK_REGULAR_SESSION1_FLAG=0;CLK_REGULAR_SESSION2_FLAG=1;BND_LAST_REGULAR_5M_FLAG=1
435119|2024-12-05 15:49:00|60|0|120.000000|120.000000|119.000000|119.000000|5286000|40|CLK_REGULAR_SESSION1_FLAG=0;CLK_REGULAR_SESSION2_FLAG=1;BND_LAST_REGULAR_5M_FLAG=1
435120|2024-12-05 16:00:00|660|1|119.000000|119.000000|119.000000|119.000000|11234300|51|CLK_REGULAR_SESSION1_FLAG=0
435121|2024-12-05 16:01:00|60|0|119.000000|119.000000|119.000000|119.000000|35900|51|CLK_REGULAR_SESSION1_FLAG=0
435122|2024-12-05 16:02:00|60|0|119.000000|119.000000|119.000000|119.000000|20500|60|CLK_REGULAR_SESSION1_FLAG=0;CLK_POSTCLOSE_FLAG=1
435123|2024-12-05 16:03:00|60|0|119.000000|119.000000|119.000000|119.000000|50100|60|CLK_REGULAR_SESSION1_FLAG=0;CLK_POSTCLOSE_FLAG=1
435124|2024-12-05 16:04:00|60|0|119.000000|119.000000|119.000000|119.000000|87600|60|CLK_REGULAR_SESSION1_FLAG=0;CLK_POSTCLOSE_FLAG=1
435125|2024-12-05 16:05:00|60|0|119.000000|119.000000|119.000000|119.000000|2800|60|CLK_REGULAR_SESSION1_FLAG=0;CLK_POSTCLOSE_FLAG=1
435126|2024-12-05 16:06:00|60|0|119.000000|119.000000|119.000000|119.000000|83500|60|CLK_REGULAR_SESSION1_FLAG=0;CLK_POSTCLOSE_FLAG=1
435127|2024-12-05 16:07:00|60|0|119.000000|119.000000|119.000000|119.000000|32900|60|CLK_REGULAR_SESSION1_FLAG=0;CLK_POSTCLOSE_FLAG=1
435128|2024-12-05 16:08:00|60|0|119.000000|119.000000|119.000000|119.000000|400|60|CLK_REGULAR_SESSION1_FLAG=0;CLK_POSTCLOSE_FLAG=1
435129|2024-12-05 16:09:00|60|0|119.000000|119.000000|119.000000|119.000000|222300|60|CLK_REGULAR_SESSION1_FLAG=0;CLK_POSTCLOSE_FLAG=1
435130|2024-12-05 16:10:00|60|0|119.000000|119.000000|119.000000|119.000000|50000|60|CLK_REGULAR_SESSION1_FLAG=0;CLK_POSTCLOSE_FLAG=1
435131|2024-12-05 16:11:00|60|0|119.000000|119.000000|119.000000|119.000000|570000|60|CLK_REGULAR_SESSION1_FLAG=0;CLK_POSTCLOSE_FLAG=1
435132|2024-12-05 16:12:00|60|0|119.000000|119.000000|119.000000|119.000000|10000|60|CLK_REGULAR_SESSION1_FLAG=0;CLK_POSTCLOSE_FLAG=1
435133|2024-12-05 16:13:00|60|0|119.000000|119.000000|119.000000|119.000000|527000|60|CLK_REGULAR_SESSION1_FLAG=0;CLK_POSTCLOSE_FLAG=1
