#A1_LOSSLESS_AI_TRANSPORT_V3
ticker=DIVA|date=2024-12-05|rows=222|source_base=447351|compact_sha=e502a6219f9f69d9f2a615424192cd29d291f0b33817ea07502685164fc62158
defaults_json={"RAW_TICKER":"DIVA","RAW_INTERVAL_SEC":"60","OBS_DUP_OR_OUT_OF_ORDER_TIME_FLAG":"0","IDX_REGULAR_CLOCK_SESSION_CODE":"20","DATE_CHANGE_FROM_PREV_FLAG":"0","DATE_FIRST_OBS_IN_RANGE_FLAG":"0","ANALYSIS_RANGE_LAST_OBS_FLAG":"0","CLK_PREOPEN_INPUT_FLAG":"0","CLK_REGULAR_SESSION1_FLAG":"1","CLK_OFFICIAL_MIDDAY_BREAK_FLAG":"0","CLK_REGULAR_SESSION2_FLAG":"0","CLK_PRECLOSE_INPUT_FLAG":"0","CLK_POSTCLOSE_FLAG":"0","BND_PRE_REG_OPEN_5M_FLAG":"0","BND_FIRST_S1_5M_FLAG":"0","BND_LAST_S1_5M_FLAG":"0","BND_PRE_S2_5M_FLAG":"0","BND_FIRST_S2_5M_FLAG":"0","BND_LAST_REGULAR_5M_FLAG":"0","BND_FIRST_PRECLOSE_5M_FLAG":"0","RAW_AUX1_SEMANTIC_PROVEN_CODE":"-1","RAW_AUX2_FRESH_SEMANTIC_PROVEN_CODE":"-1","RAW_OPENINT_FRESH_SEMANTIC_PROVEN_CODE":"-1"}
aliases_json={"RAW_TICKER":"x0","RAW_INTERVAL_SEC":"x1","OBS_DUP_OR_OUT_OF_ORDER_TIME_FLAG":"x2","IDX_REGULAR_CLOCK_SESSION_CODE":"x3","DATE_CHANGE_FROM_PREV_FLAG":"x4","DATE_FIRST_OBS_IN_RANGE_FLAG":"x5","ANALYSIS_RANGE_LAST_OBS_FLAG":"x6","CLK_PREOPEN_INPUT_FLAG":"x7","CLK_REGULAR_SESSION1_FLAG":"x8","CLK_OFFICIAL_MIDDAY_BREAK_FLAG":"x9","CLK_REGULAR_SESSION2_FLAG":"x10","CLK_PRECLOSE_INPUT_FLAG":"x11","CLK_POSTCLOSE_FLAG":"x12","BND_PRE_REG_OPEN_5M_FLAG":"x13","BND_FIRST_S1_5M_FLAG":"x14","BND_LAST_S1_5M_FLAG":"x15","BND_PRE_S2_5M_FLAG":"x16","BND_FIRST_S2_5M_FLAG":"x17","BND_LAST_REGULAR_5M_FLAG":"x18","BND_FIRST_PRECLOSE_5M_FLAG":"x19","RAW_AUX1_SEMANTIC_PROVEN_CODE":"x20","RAW_AUX2_FRESH_SEMANTIC_PROVEN_CODE":"x21","RAW_OPENINT_FRESH_SEMANTIC_PROVEN_CODE":"x22"}
#ROW i|HH:mm:ss|O|H|L|C|V|exceptions(alias=value;...)
0|09:00:00|172.000000|178.000000|172.000000|177.000000|101500|x4=1;x5=1;x14=1
1|09:01:00|178.000000|178.000000|175.000000|177.000000|165700|x14=1
2|09:02:00|176.000000|177.000000|174.000000|175.000000|292000|x14=1
3|09:03:00|175.000000|176.000000|175.000000|175.000000|63600|x14=1
4|09:04:00|175.000000|175.000000|174.000000|174.000000|161600|x14=1
5|09:05:00|174.000000|174.000000|172.000000|172.000000|77500|
6|09:06:00|171.000000|172.000000|171.000000|172.000000|220100|
7|09:07:00|172.000000|173.000000|171.000000|172.000000|157900|
8|09:08:00|172.000000|172.000000|172.000000|172.000000|5200|
9|09:09:00|172.000000|172.000000|163.000000|163.000000|115100|
10|09:10:00|163.000000|166.000000|162.000000|165.000000|56000|
11|09:11:00|166.000000|166.000000|164.000000|164.000000|43500|
12|09:12:00|163.000000|164.000000|162.000000|162.000000|106300|
13|09:13:00|161.000000|165.000000|160.000000|165.000000|194500|
14|09:14:00|165.000000|165.000000|163.000000|165.000000|33800|
15|09:15:00|165.000000|165.000000|164.000000|165.000000|8600|
16|09:16:00|165.000000|166.000000|164.000000|166.000000|12800|
17|09:17:00|166.000000|166.000000|166.000000|166.000000|22100|
18|09:18:00|166.000000|166.000000|166.000000|166.000000|24300|
19|09:19:00|166.000000|166.000000|165.000000|165.000000|29200|
20|09:20:00|166.000000|166.000000|164.000000|164.000000|58700|
21|09:21:00|164.000000|165.000000|163.000000|164.000000|20800|
22|09:22:00|165.000000|165.000000|164.000000|164.000000|62800|
23|09:23:00|165.000000|165.000000|164.000000|164.000000|25700|
24|09:24:00|165.000000|165.000000|164.000000|164.000000|11400|
25|09:25:00|164.000000|165.000000|164.000000|164.000000|52800|
26|09:26:00|164.000000|165.000000|164.000000|164.000000|150500|
27|09:27:00|165.000000|165.000000|165.000000|165.000000|1000|
28|09:28:00|164.000000|165.000000|164.000000|165.000000|2400|
29|09:29:00|165.000000|165.000000|165.000000|165.000000|1600|
30|09:30:00|165.000000|165.000000|165.000000|165.000000|200|
31|09:31:00|165.000000|165.000000|164.000000|165.000000|41900|
32|09:32:00|165.000000|165.000000|165.000000|165.000000|13200|
33|09:33:00|165.000000|165.000000|165.000000|165.000000|11900|
34|09:34:00|165.000000|165.000000|165.000000|165.000000|8800|
35|09:35:00|165.000000|165.000000|165.000000|165.000000|6500|
36|09:36:00|166.000000|166.000000|166.000000|166.000000|6500|
37|09:37:00|167.000000|167.000000|166.000000|166.000000|800|
38|09:38:00|166.000000|166.000000|166.000000|166.000000|1500|
39|09:39:00|166.000000|166.000000|166.000000|166.000000|22900|
40|09:40:00|166.000000|166.000000|166.000000|166.000000|200|
41|09:42:00|166.000000|166.000000|166.000000|166.000000|29700|
42|09:44:00|166.000000|166.000000|166.000000|166.000000|7000|
43|09:45:00|166.000000|166.000000|165.000000|165.000000|17500|
44|09:46:00|165.000000|165.000000|165.000000|165.000000|100|
45|09:47:00|165.000000|165.000000|165.000000|165.000000|8000|
46|09:48:00|165.000000|166.000000|165.000000|166.000000|45000|
47|09:50:00|165.000000|165.000000|165.000000|165.000000|6100|
48|09:51:00|166.000000|166.000000|166.000000|166.000000|500|
49|09:52:00|166.000000|166.000000|166.000000|166.000000|1000|
50|09:53:00|165.000000|165.000000|165.000000|165.000000|10700|
51|09:54:00|165.000000|165.000000|165.000000|165.000000|20600|
52|09:55:00|165.000000|165.000000|165.000000|165.000000|1800|
53|09:56:00|165.000000|165.000000|165.000000|165.000000|700|
54|09:57:00|165.000000|165.000000|165.000000|165.000000|300|
55|09:59:00|165.000000|165.000000|165.000000|165.000000|1000|
56|10:00:00|165.000000|165.000000|165.000000|165.000000|400|
57|10:02:00|165.000000|165.000000|165.000000|165.000000|600|
58|10:04:00|164.000000|164.000000|164.000000|164.000000|11700|
59|10:05:00|164.000000|164.000000|164.000000|164.000000|24700|
60|10:06:00|164.000000|164.000000|164.000000|164.000000|11900|
61|10:08:00|164.000000|164.000000|164.000000|164.000000|7500|
62|10:11:00|164.000000|164.000000|164.000000|164.000000|12800|
63|10:13:00|164.000000|164.000000|164.000000|164.000000|11800|
64|10:14:00|164.000000|164.000000|164.000000|164.000000|1300|
65|10:15:00|164.000000|164.000000|164.000000|164.000000|1700|
66|10:16:00|164.000000|164.000000|164.000000|164.000000|5500|
67|10:17:00|164.000000|165.000000|164.000000|165.000000|44500|
68|10:18:00|165.000000|165.000000|165.000000|165.000000|55800|
69|10:19:00|164.000000|164.000000|164.000000|164.000000|4100|
70|10:20:00|164.000000|164.000000|164.000000|164.000000|13600|
71|10:21:00|163.000000|163.000000|163.000000|163.000000|35100|
72|10:22:00|163.000000|167.000000|163.000000|167.000000|149600|
73|10:23:00|167.000000|167.000000|167.000000|167.000000|20000|
74|10:24:00|167.000000|167.000000|167.000000|167.000000|11900|
75|10:25:00|167.000000|167.000000|167.000000|167.000000|100|
76|10:26:00|166.000000|166.000000|166.000000|166.000000|300|
77|10:27:00|166.000000|166.000000|166.000000|166.000000|2100|
78|10:28:00|166.000000|166.000000|166.000000|166.000000|1900|
79|10:30:00|165.000000|165.000000|165.000000|165.000000|6000|
80|10:32:00|167.000000|167.000000|167.000000|167.000000|500|
81|10:33:00|167.000000|167.000000|167.000000|167.000000|1000|
82|10:34:00|167.000000|167.000000|167.000000|167.000000|4000|
83|10:35:00|165.000000|165.000000|165.000000|165.000000|4000|
84|10:36:00|166.000000|166.000000|166.000000|166.000000|2000|
85|10:39:00|167.000000|167.000000|167.000000|167.000000|100|
86|10:41:00|166.000000|166.000000|166.000000|166.000000|100|
87|10:42:00|166.000000|167.000000|166.000000|167.000000|6200|
88|10:44:00|166.000000|166.000000|166.000000|166.000000|2600|
89|10:45:00|166.000000|166.000000|166.000000|166.000000|300|
90|10:46:00|166.000000|166.000000|166.000000|166.000000|200|
91|10:48:00|167.000000|167.000000|167.000000|167.000000|100|
92|10:49:00|166.000000|166.000000|166.000000|166.000000|10400|
93|10:51:00|166.000000|166.000000|166.000000|166.000000|10800|
94|10:52:00|166.000000|166.000000|166.000000|166.000000|15400|
95|10:56:00|166.000000|166.000000|166.000000|166.000000|200|
96|10:58:00|166.000000|166.000000|166.000000|166.000000|6200|
97|10:59:00|165.000000|165.000000|165.000000|165.000000|5700|
98|11:00:00|165.000000|165.000000|165.000000|165.000000|29300|
99|11:01:00|165.000000|165.000000|165.000000|165.000000|400|
100|11:02:00|165.000000|166.000000|165.000000|165.000000|1900|
101|11:05:00|164.000000|165.000000|164.000000|165.000000|300|
102|11:06:00|165.000000|165.000000|165.000000|165.000000|400|
103|11:12:00|164.000000|165.000000|163.000000|165.000000|40200|
104|11:13:00|164.000000|164.000000|164.000000|164.000000|200|
105|11:15:00|165.000000|165.000000|165.000000|165.000000|1300|
106|11:16:00|165.000000|165.000000|164.000000|164.000000|700|
107|11:17:00|165.000000|166.000000|165.000000|166.000000|600|
108|11:19:00|164.000000|164.000000|164.000000|164.000000|4400|
109|11:26:00|165.000000|165.000000|165.000000|165.000000|100000|
110|11:27:00|165.000000|165.000000|164.000000|164.000000|18800|
111|11:28:00|165.000000|165.000000|165.000000|165.000000|2100|
112|11:29:00|165.000000|165.000000|165.000000|165.000000|2500|
113|11:30:00|164.000000|164.000000|164.000000|164.000000|100|
114|11:33:00|164.000000|164.000000|164.000000|164.000000|14000|
115|11:35:00|164.000000|164.000000|164.000000|164.000000|1400|
116|11:36:00|165.000000|165.000000|165.000000|165.000000|1000|
117|11:38:00|166.000000|166.000000|166.000000|166.000000|100|
118|11:39:00|165.000000|165.000000|165.000000|165.000000|500|
119|11:41:00|165.000000|165.000000|165.000000|165.000000|6000|
120|11:42:00|166.000000|166.000000|166.000000|166.000000|100|
121|11:44:00|164.000000|164.000000|164.000000|164.000000|800|
122|11:46:00|165.000000|165.000000|165.000000|165.000000|300|
123|11:47:00|165.000000|165.000000|165.000000|165.000000|500|
124|11:48:00|165.000000|166.000000|165.000000|166.000000|2600|
125|11:50:00|165.000000|165.000000|165.000000|165.000000|15800|
126|11:51:00|164.000000|164.000000|164.000000|164.000000|4800|
127|11:52:00|164.000000|164.000000|164.000000|164.000000|100|
128|11:53:00|164.000000|164.000000|164.000000|164.000000|500|
129|11:54:00|165.000000|165.000000|165.000000|165.000000|500|
130|11:55:00|164.000000|164.000000|164.000000|164.000000|16300|x15=1
131|11:56:00|163.000000|164.000000|163.000000|164.000000|1600|x15=1
132|11:57:00|164.000000|164.000000|164.000000|164.000000|6200|x15=1
133|13:30:00|163.000000|164.000000|163.000000|164.000000|8700|x3=40;x8=0;x10=1;x17=1
134|13:38:00|165.000000|165.000000|165.000000|165.000000|5600|x3=40;x8=0;x10=1
135|13:41:00|165.000000|165.000000|165.000000|165.000000|500|x3=40;x8=0;x10=1
136|13:44:00|165.000000|165.000000|165.000000|165.000000|2000|x3=40;x8=0;x10=1
137|13:49:00|164.000000|164.000000|164.000000|164.000000|105600|x3=40;x8=0;x10=1
138|13:50:00|164.000000|164.000000|164.000000|164.000000|7300|x3=40;x8=0;x10=1
139|13:51:00|164.000000|164.000000|164.000000|164.000000|2700|x3=40;x8=0;x10=1
140|13:52:00|163.000000|163.000000|163.000000|163.000000|700|x3=40;x8=0;x10=1
141|13:54:00|163.000000|163.000000|163.000000|163.000000|47400|x3=40;x8=0;x10=1
142|13:56:00|163.000000|163.000000|163.000000|163.000000|42600|x3=40;x8=0;x10=1
143|13:58:00|164.000000|164.000000|164.000000|164.000000|100|x3=40;x8=0;x10=1
144|13:59:00|164.000000|164.000000|164.000000|164.000000|3900|x3=40;x8=0;x10=1
145|14:03:00|164.000000|164.000000|164.000000|164.000000|10000|x3=40;x8=0;x10=1
146|14:04:00|164.000000|164.000000|164.000000|164.000000|6100|x3=40;x8=0;x10=1
147|14:06:00|164.000000|164.000000|164.000000|164.000000|500|x3=40;x8=0;x10=1
148|14:09:00|164.000000|165.000000|164.000000|165.000000|500|x3=40;x8=0;x10=1
149|14:12:00|165.000000|165.000000|165.000000|165.000000|100|x3=40;x8=0;x10=1
150|14:17:00|164.000000|164.000000|164.000000|164.000000|300|x3=40;x8=0;x10=1
151|14:18:00|164.000000|164.000000|164.000000|164.000000|5200|x3=40;x8=0;x10=1
152|14:20:00|164.000000|164.000000|164.000000|164.000000|2500|x3=40;x8=0;x10=1
153|14:21:00|163.000000|163.000000|163.000000|163.000000|9300|x3=40;x8=0;x10=1
154|14:23:00|164.000000|164.000000|164.000000|164.000000|500|x3=40;x8=0;x10=1
155|14:30:00|164.000000|164.000000|164.000000|164.000000|100|x3=40;x8=0;x10=1
156|14:33:00|164.000000|164.000000|164.000000|164.000000|10000|x3=40;x8=0;x10=1
157|14:37:00|163.000000|163.000000|163.000000|163.000000|9400|x3=40;x8=0;x10=1
158|14:39:00|163.000000|163.000000|163.000000|163.000000|900|x3=40;x8=0;x10=1
159|14:40:00|164.000000|174.000000|164.000000|173.000000|651200|x3=40;x8=0;x10=1
160|14:41:00|172.000000|172.000000|167.000000|167.000000|64500|x3=40;x8=0;x10=1
161|14:42:00|168.000000|168.000000|167.000000|167.000000|24600|x3=40;x8=0;x10=1
162|14:43:00|166.000000|166.000000|165.000000|166.000000|59300|x3=40;x8=0;x10=1
163|14:44:00|166.000000|166.000000|166.000000|166.000000|7000|x3=40;x8=0;x10=1
164|14:45:00|166.000000|166.000000|166.000000|166.000000|19400|x3=40;x8=0;x10=1
165|14:46:00|166.000000|166.000000|166.000000|166.000000|12800|x3=40;x8=0;x10=1
166|14:47:00|165.000000|165.000000|165.000000|165.000000|200|x3=40;x8=0;x10=1
167|14:48:00|166.000000|166.000000|165.000000|165.000000|2500|x3=40;x8=0;x10=1
168|14:49:00|165.000000|166.000000|165.000000|166.000000|24500|x3=40;x8=0;x10=1
169|14:50:00|166.000000|167.000000|166.000000|167.000000|43400|x3=40;x8=0;x10=1
170|14:51:00|168.000000|170.000000|167.000000|167.000000|35700|x3=40;x8=0;x10=1
171|14:52:00|168.000000|168.000000|168.000000|168.000000|20100|x3=40;x8=0;x10=1
172|14:53:00|167.000000|167.000000|167.000000|167.000000|20400|x3=40;x8=0;x10=1
173|14:54:00|168.000000|169.000000|168.000000|169.000000|700|x3=40;x8=0;x10=1
174|14:55:00|169.000000|169.000000|169.000000|169.000000|4400|x3=40;x8=0;x10=1
175|14:56:00|169.000000|169.000000|168.000000|168.000000|4300|x3=40;x8=0;x10=1
176|14:57:00|167.000000|167.000000|167.000000|167.000000|18800|x3=40;x8=0;x10=1
177|14:58:00|168.000000|168.000000|167.000000|168.000000|2600|x3=40;x8=0;x10=1
178|15:00:00|167.000000|168.000000|167.000000|168.000000|12000|x3=40;x8=0;x10=1
179|15:01:00|168.000000|168.000000|167.000000|167.000000|12000|x3=40;x8=0;x10=1
180|15:02:00|168.000000|168.000000|167.000000|167.000000|5100|x3=40;x8=0;x10=1
181|15:03:00|168.000000|169.000000|168.000000|168.000000|20000|x3=40;x8=0;x10=1
182|15:04:00|169.000000|169.000000|168.000000|168.000000|13100|x3=40;x8=0;x10=1
183|15:05:00|168.000000|169.000000|168.000000|168.000000|27700|x3=40;x8=0;x10=1
184|15:06:00|168.000000|168.000000|168.000000|168.000000|3100|x3=40;x8=0;x10=1
185|15:07:00|168.000000|168.000000|168.000000|168.000000|4500|x3=40;x8=0;x10=1
186|15:08:00|168.000000|168.000000|168.000000|168.000000|8000|x3=40;x8=0;x10=1
187|15:09:00|168.000000|168.000000|168.000000|168.000000|2700|x3=40;x8=0;x10=1
188|15:10:00|168.000000|169.000000|168.000000|169.000000|1300|x3=40;x8=0;x10=1
189|15:13:00|168.000000|169.000000|168.000000|169.000000|25400|x3=40;x8=0;x10=1
190|15:15:00|169.000000|169.000000|167.000000|169.000000|1800|x3=40;x8=0;x10=1
191|15:16:00|168.000000|168.000000|168.000000|168.000000|3300|x3=40;x8=0;x10=1
192|15:17:00|168.000000|168.000000|168.000000|168.000000|12100|x3=40;x8=0;x10=1
193|15:18:00|168.000000|168.000000|168.000000|168.000000|100|x3=40;x8=0;x10=1
194|15:20:00|168.000000|168.000000|168.000000|168.000000|7600|x3=40;x8=0;x10=1
195|15:23:00|169.000000|169.000000|169.000000|169.000000|1000|x3=40;x8=0;x10=1
196|15:24:00|168.000000|171.000000|168.000000|171.000000|67700|x3=40;x8=0;x10=1
197|15:25:00|170.000000|171.000000|170.000000|171.000000|6200|x3=40;x8=0;x10=1
198|15:27:00|171.000000|171.000000|171.000000|171.000000|1900|x3=40;x8=0;x10=1
199|15:28:00|171.000000|173.000000|171.000000|173.000000|27400|x3=40;x8=0;x10=1
200|15:29:00|172.000000|172.000000|171.000000|172.000000|25300|x3=40;x8=0;x10=1
201|15:30:00|171.000000|171.000000|170.000000|170.000000|17000|x3=40;x8=0;x10=1
202|15:31:00|170.000000|172.000000|170.000000|171.000000|16200|x3=40;x8=0;x10=1
203|15:33:00|171.000000|171.000000|171.000000|171.000000|7000|x3=40;x8=0;x10=1
204|15:34:00|171.000000|173.000000|171.000000|173.000000|42300|x3=40;x8=0;x10=1
205|15:35:00|172.000000|174.000000|172.000000|174.000000|54600|x3=40;x8=0;x10=1
206|15:36:00|174.000000|174.000000|173.000000|173.000000|30000|x3=40;x8=0;x10=1
207|15:37:00|173.000000|175.000000|173.000000|175.000000|40600|x3=40;x8=0;x10=1
208|15:38:00|175.000000|175.000000|173.000000|175.000000|74600|x3=40;x8=0;x10=1
209|15:39:00|175.000000|176.000000|175.000000|175.000000|116000|x3=40;x8=0;x10=1
210|15:40:00|175.000000|175.000000|175.000000|175.000000|11600|x3=40;x8=0;x10=1
211|15:41:00|174.000000|174.000000|173.000000|173.000000|121400|x3=40;x8=0;x10=1
212|15:42:00|173.000000|175.000000|173.000000|175.000000|7900|x3=40;x8=0;x10=1
213|15:43:00|173.000000|173.000000|173.000000|173.000000|2900|x3=40;x8=0;x10=1
214|15:44:00|172.000000|173.000000|172.000000|173.000000|26900|x3=40;x8=0;x10=1
215|15:45:00|173.000000|173.000000|172.000000|172.000000|25400|x3=40;x8=0;x10=1;x18=1
216|15:46:00|172.000000|173.000000|172.000000|173.000000|10100|x3=40;x8=0;x10=1;x18=1
217|15:48:00|173.000000|173.000000|172.000000|172.000000|27800|x3=40;x8=0;x10=1;x18=1
218|15:49:00|172.000000|173.000000|172.000000|173.000000|16200|x3=40;x8=0;x10=1;x18=1
219|16:00:00|172.000000|172.000000|172.000000|172.000000|77700|x3=51;x8=0
220|16:03:00|172.000000|172.000000|172.000000|172.000000|100|x3=60;x8=0;x12=1
221|16:05:00|172.000000|172.000000|172.000000|172.000000|43000|x3=60;x8=0;x12=1
