1016256|09:00:00|1015.000000|1040.000000|1015.000000|1040.000000|V740800
1016257|09:01:00|1040.000000|1040.000000|1030.000000|1040.000000|V301000
1016258|09:02:00|1040.000000|1050.000000|1040.000000|1050.000000|V99400
1016259|09:03:00|1045.000000|1060.000000|1045.000000|1055.000000|V570700
1016260|09:04:00|1055.000000|1055.000000|1045.000000|1045.000000|V126200
1016261|09:05:00|1045.000000|1055.000000|1045.000000|1055.000000|V103700
1016262|09:06:00|1055.000000|1055.000000|1050.000000|1050.000000|V3100
1016263|09:07:00|1050.000000|1050.000000|1045.000000|1050.000000|V9100
1016264|09:08:00|1045.000000|1050.000000|1045.000000|1045.000000|V64700
1016265|09:09:00|1045.000000|1045.000000|1040.000000|1040.000000|V13400
1016266|09:10:00|1045.000000|1045.000000|1045.000000|1045.000000|V1500
1016267|09:11:00|1045.000000|1045.000000|1040.000000|1040.000000|V2200
1016268|09:12:00|1040.000000|1045.000000|1040.000000|1045.000000|V3300
1016269|09:14:00|1045.000000|1045.000000|1045.000000|1045.000000|V500
1016270|09:15:00|1045.000000|1045.000000|1040.000000|1045.000000|V6900
1016271|09:16:00|1045.000000|1045.000000|1040.000000|1040.000000|V21500
1016272|09:17:00|1040.000000|1045.000000|1035.000000|1040.000000|V131700
1016273|09:18:00|1040.000000|1040.000000|1040.000000|1040.000000|V100
1016274|09:19:00|1035.000000|1035.000000|1030.000000|1030.000000|V50700
1016275|09:20:00|1030.000000|1035.000000|1025.000000|1035.000000|V279300
1016276|09:21:00|1030.000000|1030.000000|1025.000000|1030.000000|V10400
1016277|09:22:00|1030.000000|1030.000000|1030.000000|1030.000000|V2000
1016278|09:23:00|1030.000000|1035.000000|1030.000000|1030.000000|V28900
1016279|09:24:00|1030.000000|1030.000000|1030.000000|1030.000000|V300
1016280|09:25:00|1035.000000|1040.000000|1035.000000|1040.000000|V33500
1016281|09:26:00|1030.000000|1035.000000|1030.000000|1035.000000|V152800
1016282|09:27:00|1035.000000|1035.000000|1035.000000|1035.000000|V9900
1016283|09:29:00|1030.000000|1030.000000|1030.000000|1030.000000|V500
1016284|09:30:00|1030.000000|1030.000000|1030.000000|1030.000000|V3700
1016285|09:31:00|1030.000000|1030.000000|1025.000000|1025.000000|V2100
1016286|09:32:00|1025.000000|1025.000000|1020.000000|1020.000000|V24500
1016287|09:33:00|1025.000000|1025.000000|1025.000000|1025.000000|V1500
1016288|09:34:00|1020.000000|1020.000000|1020.000000|1020.000000|V200
1016289|09:35:00|1030.000000|1030.000000|1030.000000|1030.000000|V4600
1016290|09:36:00|1030.000000|1030.000000|1030.000000|1030.000000|V500
1016291|09:37:00|1025.000000|1030.000000|1025.000000|1030.000000|V6600
1016292|09:39:00|1030.000000|1030.000000|1030.000000|1030.000000|V3200
1016293|09:40:00|1030.000000|1030.000000|1030.000000|1030.000000|V3500
1016294|09:41:00|1030.000000|1030.000000|1030.000000|1030.000000|V200
1016295|09:42:00|1030.000000|1030.000000|1030.000000|1030.000000|V10900
1016296|09:44:00|1030.000000|1030.000000|1030.000000|1030.000000|V3300
1016297|09:45:00|1030.000000|1030.000000|1030.000000|1030.000000|V1200
1016298|09:46:00|1030.000000|1030.000000|1030.000000|1030.000000|V11000
1016299|09:47:00|1030.000000|1030.000000|1030.000000|1030.000000|V3300
1016300|09:49:00|1030.000000|1030.000000|1030.000000|1030.000000|V7800
1016301|09:50:00|1030.000000|1030.000000|1030.000000|1030.000000|V1700
1016302|09:51:00|1025.000000|1025.000000|1025.000000|1025.000000|V10000
1016303|09:52:00|1030.000000|1030.000000|1025.000000|1025.000000|V6400
1016304|09:53:00|1025.000000|1025.000000|1025.000000|1025.000000|V1500
1016305|09:54:00|1030.000000|1030.000000|1025.000000|1025.000000|V97700
1016306|09:55:00|1020.000000|1030.000000|1020.000000|1030.000000|V24600
1016307|09:57:00|1030.000000|1030.000000|1030.000000|1030.000000|V2600
1016308|09:59:00|1030.000000|1030.000000|1025.000000|1025.000000|V12500
1016309|10:00:00|1025.000000|1025.000000|1025.000000|1025.000000|V1300
1016310|10:02:00|1025.000000|1025.000000|1025.000000|1025.000000|V2700
1016311|10:04:00|1025.000000|1025.000000|1025.000000|1025.000000|V2600
1016312|10:05:00|1025.000000|1025.000000|1025.000000|1025.000000|V2000
1016313|10:07:00|1025.000000|1025.000000|1025.000000|1025.000000|V2900
1016314|10:08:00|1025.000000|1025.000000|1025.000000|1025.000000|V9600
1016315|10:09:00|1025.000000|1025.000000|1025.000000|1025.000000|V3600
1016316|10:10:00|1025.000000|1030.000000|1025.000000|1030.000000|V38400
1016317|10:12:00|1025.000000|1025.000000|1025.000000|1025.000000|V84500
1016318|10:14:00|1030.000000|1030.000000|1030.000000|1030.000000|V11300
1016319|10:15:00|1030.000000|1030.000000|1030.000000|1030.000000|V1200
1016320|10:16:00|1025.000000|1025.000000|1025.000000|1025.000000|V1000
1016321|10:17:00|1025.000000|1025.000000|1025.000000|1025.000000|V20200
1016322|10:19:00|1025.000000|1030.000000|1025.000000|1030.000000|V3700
1016323|10:20:00|1030.000000|1030.000000|1030.000000|1030.000000|V1100
1016324|10:22:00|1030.000000|1030.000000|1030.000000|1030.000000|V2800
1016325|10:24:00|1030.000000|1035.000000|1030.000000|1030.000000|V264700
1016326|10:25:00|1035.000000|1035.000000|1030.000000|1030.000000|V16400
1016327|10:27:00|1030.000000|1030.000000|1030.000000|1030.000000|V39700
1016328|10:30:00|1035.000000|1035.000000|1030.000000|1030.000000|V23100
1016329|10:32:00|1030.000000|1030.000000|1030.000000|1030.000000|V79900
1016330|10:33:00|1030.000000|1030.000000|1030.000000|1030.000000|V13700
1016331|10:35:00|1035.000000|1035.000000|1035.000000|1035.000000|V4100
1016332|10:37:00|1035.000000|1035.000000|1035.000000|1035.000000|V2700
1016333|10:38:00|1030.000000|1030.000000|1030.000000|1030.000000|V76800
1016334|10:39:00|1030.000000|1030.000000|1030.000000|1030.000000|V5000
1016335|10:40:00|1030.000000|1030.000000|1030.000000|1030.000000|V3100
1016336|10:41:00|1030.000000|1030.000000|1025.000000|1030.000000|V4900
1016337|10:42:00|1030.000000|1030.000000|1030.000000|1030.000000|V4700
1016338|10:44:00|1030.000000|1030.000000|1030.000000|1030.000000|V7000
1016339|10:45:00|1030.000000|1030.000000|1030.000000|1030.000000|V1000
1016340|10:46:00|1030.000000|1030.000000|1030.000000|1030.000000|V3400
1016341|10:47:00|1030.000000|1030.000000|1030.000000|1030.000000|V6000
1016342|10:49:00|1030.000000|1030.000000|1030.000000|1030.000000|V3400
1016343|10:50:00|1030.000000|1030.000000|1030.000000|1030.000000|V1700
1016344|10:51:00|1030.000000|1030.000000|1030.000000|1030.000000|V4400
1016345|10:52:00|1030.000000|1030.000000|1030.000000|1030.000000|V4900
1016346|10:54:00|1030.000000|1030.000000|1030.000000|1030.000000|V8000
1016347|10:55:00|1030.000000|1030.000000|1030.000000|1030.000000|V21600
1016348|10:56:00|1025.000000|1030.000000|1025.000000|1030.000000|V29300
1016349|10:57:00|1030.000000|1030.000000|1030.000000|1030.000000|V6900
1016350|10:58:00|1030.000000|1030.000000|1030.000000|1030.000000|V1200
1016351|10:59:00|1030.000000|1030.000000|1030.000000|1030.000000|V7100
1016352|11:02:00|1030.000000|1030.000000|1025.000000|1025.000000|V297600
1016353|11:03:00|1030.000000|1030.000000|1030.000000|1030.000000|V16000
1016354|11:04:00|1025.000000|1025.000000|1025.000000|1025.000000|V500
1016355|11:10:00|1025.000000|1025.000000|1025.000000|1025.000000|V3200
1016356|11:11:00|1025.000000|1025.000000|1025.000000|1025.000000|V100
1016357|11:14:00|1030.000000|1030.000000|1030.000000|1030.000000|V1400
1016358|11:15:00|1030.000000|1030.000000|1030.000000|1030.000000|V1600
1016359|11:16:00|1030.000000|1030.000000|1030.000000|1030.000000|V3100
1016360|11:17:00|1030.000000|1030.000000|1025.000000|1025.000000|V37600
1016361|11:18:00|1030.000000|1030.000000|1030.000000|1030.000000|V2800
1016362|11:20:00|1030.000000|1030.000000|1030.000000|1030.000000|V21800
1016363|11:21:00|1030.000000|1030.000000|1030.000000|1030.000000|V9400
1016364|11:22:00|1030.000000|1030.000000|1030.000000|1030.000000|V200
1016365|11:23:00|1030.000000|1030.000000|1030.000000|1030.000000|V13100
1016366|11:24:00|1030.000000|1030.000000|1030.000000|1030.000000|V1300
1016367|11:25:00|1030.000000|1030.000000|1030.000000|1030.000000|V8700
1016368|11:27:00|1030.000000|1030.000000|1030.000000|1030.000000|V1500
1016369|11:28:00|1030.000000|1030.000000|1030.000000|1030.000000|V11000
1016370|11:29:00|1025.000000|1030.000000|1025.000000|1030.000000|V29600
1016371|11:30:00|1025.000000|1030.000000|1025.000000|1030.000000|V18500
1016372|11:31:00|1025.000000|1030.000000|1025.000000|1025.000000|V22700
1016373|11:32:00|1025.000000|1030.000000|1025.000000|1030.000000|V19200
1016374|11:33:00|1025.000000|1030.000000|1025.000000|1030.000000|V20600
1016375|11:34:00|1025.000000|1025.000000|1025.000000|1025.000000|V11800
1016376|11:35:00|1025.000000|1030.000000|1025.000000|1030.000000|V42300
1016377|11:36:00|1025.000000|1030.000000|1025.000000|1030.000000|V12000
1016378|11:37:00|1025.000000|1030.000000|1025.000000|1025.000000|V12000
1016379|11:38:00|1025.000000|1030.000000|1025.000000|1030.000000|V29000
1016380|11:39:00|1025.000000|1025.000000|1025.000000|1025.000000|V11800
1016381|11:40:00|1025.000000|1035.000000|1025.000000|1035.000000|V220400
1016382|11:41:00|1030.000000|1035.000000|1030.000000|1030.000000|V137700
1016383|11:42:00|1030.000000|1035.000000|1030.000000|1030.000000|V15500
1016384|11:43:00|1030.000000|1035.000000|1030.000000|1030.000000|V25200
1016385|11:44:00|1030.000000|1030.000000|1030.000000|1030.000000|V11800
1016386|11:45:00|1030.000000|1030.000000|1030.000000|1030.000000|V15400
1016387|11:46:00|1030.000000|1035.000000|1030.000000|1035.000000|V25500
1016388|11:47:00|1030.000000|1035.000000|1030.000000|1030.000000|V25600
1016389|11:48:00|1030.000000|1035.000000|1030.000000|1035.000000|V40600
1016390|11:49:00|1030.000000|1030.000000|1030.000000|1030.000000|V18400
1016391|11:50:00|1030.000000|1030.000000|1030.000000|1030.000000|V11800
1016392|11:51:00|1025.000000|1025.000000|1025.000000|1025.000000|V11900
1016393|11:52:00|1025.000000|1030.000000|1025.000000|1030.000000|V135700
1016394|11:53:00|1025.000000|1030.000000|1025.000000|1030.000000|V50200
1016395|11:54:00|1025.000000|1025.000000|1025.000000|1025.000000|V11800
1016396|11:55:00|1025.000000|1025.000000|1025.000000|1025.000000|V11900
1016397|11:56:00|1025.000000|1035.000000|1025.000000|1030.000000|V24600
1016398|11:57:00|1025.000000|1025.000000|1025.000000|1025.000000|V7500
1016399|11:58:00|1025.000000|1030.000000|1025.000000|1030.000000|V26400
1016400|11:59:00|1030.000000|1030.000000|1025.000000|1025.000000|V12500
1016401|13:30:00|1025.000000|1035.000000|1025.000000|1030.000000|V35400
1016402|13:31:00|1030.000000|1035.000000|1030.000000|1030.000000|V46600
1016403|13:32:00|1030.000000|1040.000000|1030.000000|1040.000000|V426400
1016404|13:33:00|1040.000000|1045.000000|1035.000000|1045.000000|V134000
1016405|13:34:00|1040.000000|1040.000000|1040.000000|1040.000000|V12800
1016406|13:35:00|1040.000000|1045.000000|1040.000000|1040.000000|V24900
1016407|13:36:00|1040.000000|1045.000000|1040.000000|1045.000000|V286300
1016408|13:37:00|1045.000000|1050.000000|1040.000000|1040.000000|V202800
1016409|13:38:00|1040.000000|1040.000000|1040.000000|1040.000000|V139000
1016410|13:39:00|1040.000000|1040.000000|1040.000000|1040.000000|V74400
1016411|13:40:00|1040.000000|1040.000000|1040.000000|1040.000000|V11800
1016412|13:41:00|1040.000000|1040.000000|1035.000000|1035.000000|V25200
1016413|13:42:00|1035.000000|1035.000000|1035.000000|1035.000000|V19700
1016414|13:43:00|1035.000000|1035.000000|1035.000000|1035.000000|V11800
1016415|13:44:00|1035.000000|1035.000000|1035.000000|1035.000000|V11900
1016416|13:45:00|1035.000000|1035.000000|1035.000000|1035.000000|V27400
1016417|13:46:00|1035.000000|1035.000000|1035.000000|1035.000000|V11800
1016418|13:47:00|1035.000000|1035.000000|1035.000000|1035.000000|V11800
1016419|13:48:00|1035.000000|1035.000000|1035.000000|1035.000000|V11900
1016420|13:49:00|1035.000000|1035.000000|1035.000000|1035.000000|V180700
1016421|13:50:00|1030.000000|1030.000000|1030.000000|1030.000000|V11800
1016422|13:51:00|1030.000000|1030.000000|1030.000000|1030.000000|V29100
1016423|13:52:00|1030.000000|1030.000000|1030.000000|1030.000000|V11900
1016424|13:53:00|1030.000000|1030.000000|1030.000000|1030.000000|V11800
1016425|13:54:00|1030.000000|1030.000000|1030.000000|1030.000000|V11800
1016426|13:55:00|1030.000000|1035.000000|1030.000000|1035.000000|V26900
1016427|13:56:00|1030.000000|1030.000000|1030.000000|1030.000000|V11900
1016428|13:57:00|1030.000000|1035.000000|1030.000000|1035.000000|V16000
1016429|13:58:00|1030.000000|1035.000000|1030.000000|1030.000000|V22000
1016430|13:59:00|1035.000000|1035.000000|1030.000000|1030.000000|V16000
1016431|14:00:00|1030.000000|1030.000000|1030.000000|1030.000000|V68700
1016432|14:01:00|1035.000000|1035.000000|1030.000000|1035.000000|V75900
1016433|14:02:00|1030.000000|1030.000000|1030.000000|1030.000000|V11800
1016434|14:03:00|1030.000000|1030.000000|1030.000000|1030.000000|V11800
1016435|14:04:00|1030.000000|1035.000000|1030.000000|1030.000000|V17700
1016436|14:05:00|1035.000000|1035.000000|1030.000000|1035.000000|V41400
1016437|14:06:00|1035.000000|1035.000000|1030.000000|1030.000000|V86000
1016438|14:07:00|1030.000000|1030.000000|1030.000000|1030.000000|V11800
1016439|14:08:00|1035.000000|1035.000000|1030.000000|1035.000000|V27100
1016440|14:09:00|1030.000000|1030.000000|1030.000000|1030.000000|V11800
1016441|14:10:00|1035.000000|1035.000000|1030.000000|1030.000000|V16000
1016442|14:11:00|1035.000000|1035.000000|1030.000000|1030.000000|V27500
1016443|14:12:00|1035.000000|1035.000000|1030.000000|1030.000000|V17500
1016444|14:13:00|1030.000000|1035.000000|1030.000000|1035.000000|V20300
1016445|14:14:00|1035.000000|1035.000000|1030.000000|1035.000000|V84400
1016446|14:15:00|1035.000000|1040.000000|1030.000000|1040.000000|V351500
1016447|14:16:00|1035.000000|1040.000000|1035.000000|1040.000000|V66200
1016448|14:17:00|1040.000000|1040.000000|1035.000000|1040.000000|V27300
1016449|14:18:00|1035.000000|1040.000000|1035.000000|1040.000000|V43600
1016450|14:19:00|1040.000000|1040.000000|1035.000000|1035.000000|V52900
1016451|14:20:00|1040.000000|1040.000000|1035.000000|1040.000000|V101000
1016452|14:21:00|1035.000000|1040.000000|1035.000000|1035.000000|V21600
1016453|14:22:00|1035.000000|1035.000000|1035.000000|1035.000000|V11800
1016454|14:23:00|1035.000000|1040.000000|1035.000000|1040.000000|V15800
1016455|14:24:00|1040.000000|1040.000000|1035.000000|1035.000000|V45400
1016456|14:25:00|1035.000000|1040.000000|1035.000000|1035.000000|V100000
1016457|14:26:00|1040.000000|1045.000000|1035.000000|1045.000000|V82600
1016458|14:27:00|1040.000000|1045.000000|1040.000000|1040.000000|V24700
1016459|14:28:00|1045.000000|1045.000000|1040.000000|1045.000000|V38700
1016460|14:29:00|1045.000000|1045.000000|1040.000000|1040.000000|V19500
1016461|14:30:00|1040.000000|1050.000000|1040.000000|1050.000000|V142500
1016462|14:31:00|1045.000000|1050.000000|1045.000000|1050.000000|V17500
1016463|14:32:00|1045.000000|1045.000000|1040.000000|1045.000000|V412600
1016464|14:33:00|1045.000000|1045.000000|1045.000000|1045.000000|V20700
1016465|14:34:00|1045.000000|1045.000000|1045.000000|1045.000000|V86100
1016466|14:35:00|1040.000000|1040.000000|1040.000000|1040.000000|V11900
1016467|14:36:00|1040.000000|1040.000000|1040.000000|1040.000000|V25100
1016468|14:37:00|1040.000000|1040.000000|1040.000000|1040.000000|V11800
1016469|14:38:00|1040.000000|1040.000000|1040.000000|1040.000000|V15300
1016470|14:39:00|1040.000000|1045.000000|1040.000000|1045.000000|V12000
1016471|14:40:00|1040.000000|1040.000000|1040.000000|1040.000000|V11800
1016472|14:41:00|1040.000000|1045.000000|1040.000000|1040.000000|V45900
1016473|14:42:00|1040.000000|1040.000000|1040.000000|1040.000000|V90000
1016474|14:43:00|1045.000000|1045.000000|1040.000000|1040.000000|V35800
1016475|14:44:00|1045.000000|1045.000000|1040.000000|1040.000000|V45600
1016476|14:45:00|1040.000000|1040.000000|1040.000000|1040.000000|V11800
1016477|14:46:00|1040.000000|1040.000000|1040.000000|1040.000000|V80700
1016478|14:47:00|1040.000000|1040.000000|1040.000000|1040.000000|V20300
1016479|14:48:00|1040.000000|1045.000000|1040.000000|1040.000000|V84200
1016480|14:49:00|1035.000000|1035.000000|1035.000000|1035.000000|V11800
1016481|14:50:00|1035.000000|1040.000000|1035.000000|1035.000000|V15200
1016482|14:51:00|1035.000000|1035.000000|1035.000000|1035.000000|V11800
1016483|14:52:00|1035.000000|1040.000000|1035.000000|1035.000000|V117200
1016484|14:53:00|1035.000000|1040.000000|1035.000000|1035.000000|V20000
1016485|14:54:00|1040.000000|1040.000000|1035.000000|1035.000000|V79300
1016486|14:55:00|1040.000000|1040.000000|1035.000000|1035.000000|V25900
1016487|14:56:00|1035.000000|1040.000000|1035.000000|1035.000000|V37600
1016488|14:57:00|1040.000000|1040.000000|1035.000000|1035.000000|V28100
1016489|14:58:00|1035.000000|1040.000000|1035.000000|1040.000000|V47500
1016490|14:59:00|1040.000000|1040.000000|1040.000000|1040.000000|V16200
1016491|15:00:00|1040.000000|1040.000000|1040.000000|1040.000000|V289000
1016492|15:01:00|1045.000000|1045.000000|1045.000000|1045.000000|V67700
1016493|15:02:00|1045.000000|1050.000000|1045.000000|1050.000000|V116300
1016494|15:03:00|1050.000000|1050.000000|1045.000000|1050.000000|V26700
1016495|15:05:00|1050.000000|1050.000000|1045.000000|1045.000000|V4800
1016496|15:06:00|1050.000000|1050.000000|1045.000000|1045.000000|V35400
1016497|15:07:00|1050.000000|1060.000000|1045.000000|1055.000000|V1489300
1016498|15:08:00|1055.000000|1055.000000|1055.000000|1055.000000|V14400
1016499|15:09:00|1055.000000|1060.000000|1055.000000|1060.000000|V68100
1016500|15:10:00|1055.000000|1060.000000|1050.000000|1055.000000|V8200
1016501|15:11:00|1055.000000|1055.000000|1055.000000|1055.000000|V23200
1016502|15:12:00|1055.000000|1060.000000|1050.000000|1055.000000|V88800
1016503|15:13:00|1055.000000|1055.000000|1050.000000|1050.000000|V441000
1016504|15:14:00|1050.000000|1050.000000|1045.000000|1045.000000|V42200
1016505|15:15:00|1050.000000|1050.000000|1040.000000|1045.000000|V182600
1016506|15:16:00|1040.000000|1045.000000|1040.000000|1040.000000|V25700
1016507|15:17:00|1040.000000|1050.000000|1040.000000|1045.000000|V28500
1016508|15:18:00|1045.000000|1045.000000|1040.000000|1040.000000|V47200
1016509|15:19:00|1040.000000|1040.000000|1040.000000|1040.000000|V53200
1016510|15:20:00|1040.000000|1040.000000|1040.000000|1040.000000|V14900
1016511|15:21:00|1045.000000|1045.000000|1040.000000|1040.000000|V26800
1016512|15:22:00|1045.000000|1045.000000|1040.000000|1040.000000|V39500
1016513|15:23:00|1045.000000|1045.000000|1040.000000|1040.000000|V15600
1016514|15:24:00|1045.000000|1045.000000|1045.000000|1045.000000|V900
1016515|15:25:00|1045.000000|1045.000000|1045.000000|1045.000000|V20300
1016516|15:27:00|1045.000000|1045.000000|1045.000000|1045.000000|V4500
1016517|15:28:00|1045.000000|1045.000000|1045.000000|1045.000000|V28800
1016518|15:30:00|1045.000000|1045.000000|1045.000000|1045.000000|V3900
1016519|15:31:00|1045.000000|1045.000000|1045.000000|1045.000000|V22400
1016520|15:32:00|1045.000000|1045.000000|1045.000000|1045.000000|V9300
1016521|15:33:00|1045.000000|1045.000000|1045.000000|1045.000000|V102400
1016522|15:34:00|1050.000000|1050.000000|1050.000000|1050.000000|V8700
1016523|15:35:00|1050.000000|1050.000000|1045.000000|1050.000000|V45900
1016524|15:36:00|1050.000000|1050.000000|1040.000000|1045.000000|V219300
1016525|15:37:00|1045.000000|1045.000000|1045.000000|1045.000000|V1800
1016526|15:38:00|1050.000000|1050.000000|1050.000000|1050.000000|V12400
1016527|15:39:00|1045.000000|1050.000000|1045.000000|1050.000000|V83600
1016528|15:40:00|1050.000000|1050.000000|1045.000000|1050.000000|V53700
1016529|15:41:00|1050.000000|1050.000000|1045.000000|1050.000000|V102700
1016530|15:42:00|1050.000000|1050.000000|1045.000000|1050.000000|V68000
1016531|15:43:00|1050.000000|1050.000000|1045.000000|1050.000000|V69700
1016532|15:44:00|1050.000000|1050.000000|1050.000000|1050.000000|V313800
1016533|15:45:00|1050.000000|1050.000000|1050.000000|1050.000000|V72300
1016534|15:46:00|1050.000000|1050.000000|1040.000000|1040.000000|V469800
1016535|15:47:00|1035.000000|1045.000000|1035.000000|1040.000000|V83000
1016536|15:48:00|1040.000000|1040.000000|1040.000000|1040.000000|V23100
1016537|15:49:00|1040.000000|1045.000000|1040.000000|1045.000000|V53400
1016538|16:00:00|1050.000000|1050.000000|1050.000000|1050.000000|V739900
1016539|16:01:00|1050.000000|1050.000000|1050.000000|1050.000000|V6000
1016540|16:13:00|1050.000000|1050.000000|1050.000000|1050.000000|V100
